309
6.858   45.900   1277   1.7   0.5 -9999.0000   -9999.0000   -9999.0000   -9999.0000   -9999.0000   -9999.0000   -9999.0000   -9999.0000   -9999.0000   -9999.0000   -9999.0000   -9999.0000   -9999.0000   -9999.0000    -1   -1   -1   -1   -1   -1   -1   -1   -1   -1   -1   -1   -1   -1   -1   -1   -1   -1   -1   -1
6.895   45.871   1313   2.0   1.0 -9999.0000   -9999.0000   -9999.0000   -9999.0000   -9999.0000   -9999.0000   -9999.0000   -9999.0000   -9999.0000   -9999.0000   -9999.0000   -9999.0000   -9999.0000   -9999.0000    -1   -1   -1   -1   -1   -1   -1   -1   -1   -1   -1   -1   -1   -1   -1   -1   -1   -1   -1   -1
6.903   45.864   1323   1.4   0.6 -9999.0000   -9999.0000   -9999.0000   -9999.0000   -9999.0000   -9999.0000   -9999.0000   -9999.0000   -9999.0000   -9999.0000   -9999.0000   -9999.0000   -9999.0000   -9999.0000    -1   -1   -1   -1   -1   -1   -1   -1   -1   -1   -1   -1   -1   -1   -1   -1   -1   -1   -1   -1
6.922   45.857   1331   3.0   1.0 -9999.0000   -9999.0000   -9999.0000   -9999.0000   -9999.0000   -9999.0000   -9999.0000   -9999.0000   -9999.0000   -9999.0000   -9999.0000   -9999.0000   -9999.0000   -9999.0000    -1   -1   -1   -1   -1   -1   -1   -1   -1   -1   -1   -1   -1   -1   -1   -1   -1   -1   -1   -1
6.930   45.839   1354   1.6   0.2 -9999.0000   -9999.0000   -9999.0000   -9999.0000   -9999.0000   -9999.0000   -9999.0000   -9999.0000   -9999.0000   -9999.0000   -9999.0000   -9999.0000   -9999.0000   -9999.0000    -1   -1   -1   -1   -1   -1   -1   -1   -1   -1   -1   -1   -1   -1   -1   -1   -1   -1   -1   -1
6.865   45.896   1664   3.9   0.8 -9999.0000   -9999.0000   -9999.0000   -9999.0000   -9999.0000   -9999.0000   -9999.0000   -9999.0000   -9999.0000   -9999.0000   -9999.0000   -9999.0000   -9999.0000   -9999.0000    -1   -1   -1   -1   -1   -1   -1   -1   -1   -1   -1   -1   -1   -1   -1   -1   -1   -1   -1   -1
6.872   45.890   2266   4.4   0.3 -9999.0000   -9999.0000   -9999.0000   -9999.0000   -9999.0000   -9999.0000   -9999.0000   -9999.0000   -9999.0000   -9999.0000   -9999.0000   -9999.0000   -9999.0000   -9999.0000    -1   -1   -1   -1   -1   -1   -1   -1   -1   -1   -1   -1   -1   -1   -1   -1   -1   -1   -1   -1
6.946   45.832   2272   4.6   0.8 -9999.0000   -9999.0000   -9999.0000   -9999.0000   -9999.0000   -9999.0000   -9999.0000   -9999.0000   -9999.0000   -9999.0000   -9999.0000   -9999.0000   -9999.0000   -9999.0000    -1   -1   -1   -1   -1   -1   -1   -1   -1   -1   -1   -1   -1   -1   -1   -1   -1   -1   -1   -1
6.879   45.887   2587   5.0   1.0 -9999.0000   -9999.0000   -9999.0000   -9999.0000   -9999.0000   -9999.0000   -9999.0000   -9999.0000   -9999.0000   -9999.0000   -9999.0000   -9999.0000   -9999.0000   -9999.0000    -1   -1   -1   -1   -1   -1   -1   -1   -1   -1   -1   -1   -1   -1   -1   -1   -1   -1   -1   -1
6.907   45.857   3213   6.4   0.8 -9999.0000   -9999.0000   -9999.0000   -9999.0000   -9999.0000   -9999.0000   -9999.0000   -9999.0000   -9999.0000   -9999.0000   -9999.0000   -9999.0000   -9999.0000   -9999.0000    -1   -1   -1   -1   -1   -1   -1   -1   -1   -1   -1   -1   -1   -1   -1   -1   -1   -1   -1   -1
6.902   45.869   3416   5.8   0.6 -9999.0000   -9999.0000   -9999.0000   -9999.0000   -9999.0000   -9999.0000   -9999.0000   -9999.0000   -9999.0000   -9999.0000   -9999.0000   -9999.0000   -9999.0000   -9999.0000    -1   -1   -1   -1   -1   -1   -1   -1   -1   -1   -1   -1   -1   -1   -1   -1   -1   -1   -1   -1
6.888   45.878   3750   5.6   0.7 -9999.0000   -9999.0000   -9999.0000   -9999.0000   -9999.0000   -9999.0000   -9999.0000   -9999.0000   -9999.0000   -9999.0000   -9999.0000   -9999.0000   -9999.0000   -9999.0000    -1   -1   -1   -1   -1   -1   -1   -1   -1   -1   -1   -1   -1   -1   -1   -1   -1   -1   -1   -1
7.102   46.165   1800   6.7   0.1 -9999.0000   -9999.0000   -9999.0000   -9999.0000   -9999.0000   -9999.0000   -9999.0000   -9999.0000   -9999.0000   -9999.0000   -9999.0000   -9999.0000   -9999.0000   -9999.0000    -1   -1   -1   -1   -1   -1   -1   -1   -1   -1   -1   -1   -1   -1   -1   -1   -1   -1   -1   -1
7.108   46.162   1455   7.5   0.1 -9999.0000   -9999.0000   -9999.0000   -9999.0000   -9999.0000   -9999.0000   -9999.0000   -9999.0000   -9999.0000   -9999.0000   -9999.0000   -9999.0000   -9999.0000   -9999.0000    -1   -1   -1   -1   -1   -1   -1   -1   -1   -1   -1   -1   -1   -1   -1   -1   -1   -1   -1   -1
7.107   46.158   1230   5.3   0.1 -9999.0000   -9999.0000   -9999.0000   -9999.0000   -9999.0000   -9999.0000   -9999.0000   -9999.0000   -9999.0000   -9999.0000   -9999.0000   -9999.0000   -9999.0000   -9999.0000    -1   -1   -1   -1   -1   -1   -1   -1   -1   -1   -1   -1   -1   -1   -1   -1   -1   -1   -1   -1
7.108   46.156    975   6.4   0.1 -9999.0000   -9999.0000   -9999.0000   -9999.0000   -9999.0000   -9999.0000   -9999.0000   -9999.0000   -9999.0000   -9999.0000   -9999.0000   -9999.0000   -9999.0000   -9999.0000    -1   -1   -1   -1   -1   -1   -1   -1   -1   -1   -1   -1   -1   -1   -1   -1   -1   -1   -1   -1
7.127   46.158    760   4.9   0.1 -9999.0000   -9999.0000   -9999.0000   -9999.0000   -9999.0000   -9999.0000   -9999.0000   -9999.0000   -9999.0000   -9999.0000   -9999.0000   -9999.0000   -9999.0000   -9999.0000    -1   -1   -1   -1   -1   -1   -1   -1   -1   -1   -1   -1   -1   -1   -1   -1   -1   -1   -1   -1
7.116   46.149    480   4.6   0.1 -9999.0000   -9999.0000   -9999.0000   -9999.0000   -9999.0000   -9999.0000   -9999.0000   -9999.0000   -9999.0000   -9999.0000   -9999.0000   -9999.0000   -9999.0000   -9999.0000    -1   -1   -1   -1   -1   -1   -1   -1   -1   -1   -1   -1   -1   -1   -1   -1   -1   -1   -1   -1
7.086   46.126     72   4.4   0.1 -9999.0000   -9999.0000   -9999.0000   -9999.0000   -9999.0000   -9999.0000   -9999.0000   -9999.0000   -9999.0000   -9999.0000   -9999.0000   -9999.0000   -9999.0000   -9999.0000    -1   -1   -1   -1   -1   -1   -1   -1   -1   -1   -1   -1   -1   -1   -1   -1   -1   -1   -1   -1
7.342   45.772   1283   -9999.0000   -9999.0000   23.0   1.2 -9999.0000   -9999.0000   -9999.0000   -9999.0000   -9999.0000   -9999.0000   -9999.0000   -9999.0000   -9999.0000   -9999.0000   -9999.0000   -9999.0000    -1   -1   -1   -1   -1   -1   -1   -1   -1   -1   -1   -1   -1   -1   -1   -1   -1   -1   -1   -1
7.366   45.720   1024   -9999.0000   -9999.0000   23.9   3.1 -9999.0000   -9999.0000   -9999.0000   -9999.0000   -9999.0000   -9999.0000   -9999.0000   -9999.0000   -9999.0000   -9999.0000   -9999.0000   -9999.0000    -1   -1   -1   -1   -1   -1   -1   -1   -1   -1   -1   -1   -1   -1   -1   -1   -1   -1   -1   -1
7.381   45.760   1066   -9999.0000   -9999.0000   28.9   2.4 -9999.0000   -9999.0000   -9999.0000   -9999.0000   -9999.0000   -9999.0000   -9999.0000   -9999.0000   -9999.0000   -9999.0000   -9999.0000   -9999.0000    -1   -1   -1   -1   -1   -1   -1   -1   -1   -1   -1   -1   -1   -1   -1   -1   -1   -1   -1   -1
7.386   45.755    921   -9999.0000   -9999.0000   20.2   1.9 -9999.0000   -9999.0000   -9999.0000   -9999.0000   -9999.0000   -9999.0000   -9999.0000   -9999.0000   -9999.0000   -9999.0000   -9999.0000   -9999.0000    -1   -1   -1   -1   -1   -1   -1   -1   -1   -1   -1   -1   -1   -1   -1   -1   -1   -1   -1   -1
7.388   45.720   1140   -9999.0000   -9999.0000   25.0   2.0 -9999.0000   -9999.0000   -9999.0000   -9999.0000   -9999.0000   -9999.0000   -9999.0000   -9999.0000   -9999.0000   -9999.0000   -9999.0000   -9999.0000    -1   -1   -1   -1   -1   -1   -1   -1   -1   -1   -1   -1   -1   -1   -1   -1   -1   -1   -1   -1
7.390   45.749    684   -9999.0000   -9999.0000   19.2   1.6 -9999.0000   -9999.0000   -9999.0000   -9999.0000   -9999.0000   -9999.0000   -9999.0000   -9999.0000   -9999.0000   -9999.0000   -9999.0000   -9999.0000    -1   -1   -1   -1   -1   -1   -1   -1   -1   -1   -1   -1   -1   -1   -1   -1   -1   -1   -1   -1
7.402   45.742    562   -9999.0000   -9999.0000   22.9   2.8 -9999.0000   -9999.0000   -9999.0000   -9999.0000   -9999.0000   -9999.0000   -9999.0000   -9999.0000   -9999.0000   -9999.0000   -9999.0000   -9999.0000    -1   -1   -1   -1   -1   -1   -1   -1   -1   -1   -1   -1   -1   -1   -1   -1   -1   -1   -1   -1
7.412   45.713   1241   -9999.0000   -9999.0000   18.6   2.8 -9999.0000   -9999.0000   -9999.0000   -9999.0000   -9999.0000   -9999.0000   -9999.0000   -9999.0000   -9999.0000   -9999.0000   -9999.0000   -9999.0000    -1   -1   -1   -1   -1   -1   -1   -1   -1   -1   -1   -1   -1   -1   -1   -1   -1   -1   -1   -1
6.874   45.888   3842   -9999.0000   -9999.0000    9.9   2.8 -9999.0000   -9999.0000   -9999.0000   -9999.0000   -9999.0000   -9999.0000   -9999.0000   -9999.0000   -9999.0000   -9999.0000   -9999.0000   -9999.0000    -1   -1   -1   -1   -1   -1   -1   -1   -1   -1   -1   -1   -1   -1   -1   -1   -1   -1   -1   -1
6.355   45.297    512   -9999.0000   -9999.0000    3.9   0.4 -9999.0000   -9999.0000   -9999.0000   -9999.0000   -9999.0000   -9999.0000   -9999.0000   -9999.0000   -9999.0000   -9999.0000   -9999.0000   -9999.0000    -1   -1   -1   -1   -1   -1   -1   -1   -1   -1   -1   -1   -1   -1   -1   -1   -1   -1   -1   -1
6.520   45.455    685   -9999.0000   -9999.0000    6.8   0.7 -9999.0000   -9999.0000   -9999.0000   -9999.0000   -9999.0000   -9999.0000   -9999.0000   -9999.0000   -9999.0000   -9999.0000   -9999.0000   -9999.0000    -1   -1   -1   -1   -1   -1   -1   -1   -1   -1   -1   -1   -1   -1   -1   -1   -1   -1   -1   -1
6.414   45.259    813   -9999.0000   -9999.0000    4.7   0.5 -9999.0000   -9999.0000   -9999.0000   -9999.0000   -9999.0000   -9999.0000   -9999.0000   -9999.0000   -9999.0000   -9999.0000   -9999.0000   -9999.0000    -1   -1   -1   -1   -1   -1   -1   -1   -1   -1   -1   -1   -1   -1   -1   -1   -1   -1   -1   -1
6.576   45.496    898   -9999.0000   -9999.0000    2.8   0.3 -9999.0000   -9999.0000   -9999.0000   -9999.0000   -9999.0000   -9999.0000   -9999.0000   -9999.0000   -9999.0000   -9999.0000   -9999.0000   -9999.0000    -1   -1   -1   -1   -1   -1   -1   -1   -1   -1   -1   -1   -1   -1   -1   -1   -1   -1   -1   -1
6.622   45.442    924   -9999.0000   -9999.0000    9.0   0.8 -9999.0000   -9999.0000   -9999.0000   -9999.0000   -9999.0000   -9999.0000   -9999.0000   -9999.0000   -9999.0000   -9999.0000   -9999.0000   -9999.0000    -1   -1   -1   -1   -1   -1   -1   -1   -1   -1   -1   -1   -1   -1   -1   -1   -1   -1   -1   -1
6.539   45.473    962   -9999.0000   -9999.0000    4.9   0.5 -9999.0000   -9999.0000   -9999.0000   -9999.0000   -9999.0000   -9999.0000   -9999.0000   -9999.0000   -9999.0000   -9999.0000   -9999.0000   -9999.0000    -1   -1   -1   -1   -1   -1   -1   -1   -1   -1   -1   -1   -1   -1   -1   -1   -1   -1   -1   -1
6.539   45.473    962   -9999.0000   -9999.0000    2.2   0.2 -9999.0000   -9999.0000   -9999.0000   -9999.0000   -9999.0000   -9999.0000   -9999.0000   -9999.0000   -9999.0000   -9999.0000   -9999.0000   -9999.0000    -1   -1   -1   -1   -1   -1   -1   -1   -1   -1   -1   -1   -1   -1   -1   -1   -1   -1   -1   -1
6.539   45.473    962   -9999.0000   -9999.0000    2.5   0.2 -9999.0000   -9999.0000   -9999.0000   -9999.0000   -9999.0000   -9999.0000   -9999.0000   -9999.0000   -9999.0000   -9999.0000   -9999.0000   -9999.0000    -1   -1   -1   -1   -1   -1   -1   -1   -1   -1   -1   -1   -1   -1   -1   -1   -1   -1   -1   -1
6.467   45.207    973   -9999.0000   -9999.0000   16.0   1.3 -9999.0000   -9999.0000   -9999.0000   -9999.0000   -9999.0000   -9999.0000   -9999.0000   -9999.0000   -9999.0000   -9999.0000   -9999.0000   -9999.0000    -1   -1   -1   -1   -1   -1   -1   -1   -1   -1   -1   -1   -1   -1   -1   -1   -1   -1   -1   -1
6.752   45.610   1042   -9999.0000   -9999.0000    4.3   0.4 -9999.0000   -9999.0000   -9999.0000   -9999.0000   -9999.0000   -9999.0000   -9999.0000   -9999.0000   -9999.0000   -9999.0000   -9999.0000   -9999.0000    -1   -1   -1   -1   -1   -1   -1   -1   -1   -1   -1   -1   -1   -1   -1   -1   -1   -1   -1   -1
6.774   45.600   1071   -9999.0000   -9999.0000   13.0   1.3 -9999.0000   -9999.0000   -9999.0000   -9999.0000   -9999.0000   -9999.0000   -9999.0000   -9999.0000   -9999.0000   -9999.0000   -9999.0000   -9999.0000    -1   -1   -1   -1   -1   -1   -1   -1   -1   -1   -1   -1   -1   -1   -1   -1   -1   -1   -1   -1
6.775   45.590   1240   -9999.0000   -9999.0000   12.0   1.2 -9999.0000   -9999.0000   -9999.0000   -9999.0000   -9999.0000   -9999.0000   -9999.0000   -9999.0000   -9999.0000   -9999.0000   -9999.0000   -9999.0000    -1   -1   -1   -1   -1   -1   -1   -1   -1   -1   -1   -1   -1   -1   -1   -1   -1   -1   -1   -1
6.467   45.195   1404   -9999.0000   -9999.0000   18.0   1.3 -9999.0000   -9999.0000   -9999.0000   -9999.0000   -9999.0000   -9999.0000   -9999.0000   -9999.0000   -9999.0000   -9999.0000   -9999.0000   -9999.0000    -1   -1   -1   -1   -1   -1   -1   -1   -1   -1   -1   -1   -1   -1   -1   -1   -1   -1   -1   -1
6.783   45.590   1473   -9999.0000   -9999.0000   11.0   1.1 -9999.0000   -9999.0000   -9999.0000   -9999.0000   -9999.0000   -9999.0000   -9999.0000   -9999.0000   -9999.0000   -9999.0000   -9999.0000   -9999.0000    -1   -1   -1   -1   -1   -1   -1   -1   -1   -1   -1   -1   -1   -1   -1   -1   -1   -1   -1   -1
6.428   45.211   1490   -9999.0000   -9999.0000   11.0   1.1 -9999.0000   -9999.0000   -9999.0000   -9999.0000   -9999.0000   -9999.0000   -9999.0000   -9999.0000   -9999.0000   -9999.0000   -9999.0000   -9999.0000    -1   -1   -1   -1   -1   -1   -1   -1   -1   -1   -1   -1   -1   -1   -1   -1   -1   -1   -1   -1
6.407   45.231   1507   -9999.0000   -9999.0000    5.3   0.5 -9999.0000   -9999.0000   -9999.0000   -9999.0000   -9999.0000   -9999.0000   -9999.0000   -9999.0000   -9999.0000   -9999.0000   -9999.0000   -9999.0000    -1   -1   -1   -1   -1   -1   -1   -1   -1   -1   -1   -1   -1   -1   -1   -1   -1   -1   -1   -1
6.415   45.222   1646   -9999.0000   -9999.0000    9.2   1.0 -9999.0000   -9999.0000   -9999.0000   -9999.0000   -9999.0000   -9999.0000   -9999.0000   -9999.0000   -9999.0000   -9999.0000   -9999.0000   -9999.0000    -1   -1   -1   -1   -1   -1   -1   -1   -1   -1   -1   -1   -1   -1   -1   -1   -1   -1   -1   -1
6.790   45.589   1664   -9999.0000   -9999.0000   13.0   1.3 -9999.0000   -9999.0000   -9999.0000   -9999.0000   -9999.0000   -9999.0000   -9999.0000   -9999.0000   -9999.0000   -9999.0000   -9999.0000   -9999.0000    -1   -1   -1   -1   -1   -1   -1   -1   -1   -1   -1   -1   -1   -1   -1   -1   -1   -1   -1   -1
6.626   45.606   1804   -9999.0000   -9999.0000    8.9   0.8 -9999.0000   -9999.0000   -9999.0000   -9999.0000   -9999.0000   -9999.0000   -9999.0000   -9999.0000   -9999.0000   -9999.0000   -9999.0000   -9999.0000    -1   -1   -1   -1   -1   -1   -1   -1   -1   -1   -1   -1   -1   -1   -1   -1   -1   -1   -1   -1
6.866   45.699   2309   -9999.0000   -9999.0000    2.0   0.2 -9999.0000   -9999.0000   -9999.0000   -9999.0000   -9999.0000   -9999.0000   -9999.0000   -9999.0000   -9999.0000   -9999.0000   -9999.0000   -9999.0000    -1   -1   -1   -1   -1   -1   -1   -1   -1   -1   -1   -1   -1   -1   -1   -1   -1   -1   -1   -1
6.888   45.672   2341   -9999.0000   -9999.0000   10.0   1.0 -9999.0000   -9999.0000   -9999.0000   -9999.0000   -9999.0000   -9999.0000   -9999.0000   -9999.0000   -9999.0000   -9999.0000   -9999.0000   -9999.0000    -1   -1   -1   -1   -1   -1   -1   -1   -1   -1   -1   -1   -1   -1   -1   -1   -1   -1   -1   -1
6.496   45.522    560   -9999.0000   -9999.0000    3.1   0.3 -9999.0000   -9999.0000   -9999.0000   -9999.0000   -9999.0000   -9999.0000   -9999.0000   -9999.0000   -9999.0000   -9999.0000   -9999.0000   -9999.0000    -1   -1   -1   -1   -1   -1   -1   -1   -1   -1   -1   -1   -1   -1   -1   -1   -1   -1   -1   -1
6.494   45.529    599   -9999.0000   -9999.0000    3.5   0.3 -9999.0000   -9999.0000   -9999.0000   -9999.0000   -9999.0000   -9999.0000   -9999.0000   -9999.0000   -9999.0000   -9999.0000   -9999.0000   -9999.0000    -1   -1   -1   -1   -1   -1   -1   -1   -1   -1   -1   -1   -1   -1   -1   -1   -1   -1   -1   -1
6.322   45.312    916   -9999.0000   -9999.0000    3.6   0.4 -9999.0000   -9999.0000   -9999.0000   -9999.0000   -9999.0000   -9999.0000   -9999.0000   -9999.0000   -9999.0000   -9999.0000   -9999.0000   -9999.0000    -1   -1   -1   -1   -1   -1   -1   -1   -1   -1   -1   -1   -1   -1   -1   -1   -1   -1   -1   -1
6.602   45.450    945   -9999.0000   -9999.0000    7.1   0.7 -9999.0000   -9999.0000   -9999.0000   -9999.0000   -9999.0000   -9999.0000   -9999.0000   -9999.0000   -9999.0000   -9999.0000   -9999.0000   -9999.0000    -1   -1   -1   -1   -1   -1   -1   -1   -1   -1   -1   -1   -1   -1   -1   -1   -1   -1   -1   -1
6.388   45.280   1353   -9999.0000   -9999.0000    3.6   0.4 -9999.0000   -9999.0000   -9999.0000   -9999.0000   -9999.0000   -9999.0000   -9999.0000   -9999.0000   -9999.0000   -9999.0000   -9999.0000   -9999.0000    -1   -1   -1   -1   -1   -1   -1   -1   -1   -1   -1   -1   -1   -1   -1   -1   -1   -1   -1   -1
6.739   45.610   1360   -9999.0000   -9999.0000    5.9   0.6 -9999.0000   -9999.0000   -9999.0000   -9999.0000   -9999.0000   -9999.0000   -9999.0000   -9999.0000   -9999.0000   -9999.0000   -9999.0000   -9999.0000    -1   -1   -1   -1   -1   -1   -1   -1   -1   -1   -1   -1   -1   -1   -1   -1   -1   -1   -1   -1
6.330   45.299   1461   -9999.0000   -9999.0000    4.6   0.5 -9999.0000   -9999.0000   -9999.0000   -9999.0000   -9999.0000   -9999.0000   -9999.0000   -9999.0000   -9999.0000   -9999.0000   -9999.0000   -9999.0000    -1   -1   -1   -1   -1   -1   -1   -1   -1   -1   -1   -1   -1   -1   -1   -1   -1   -1   -1   -1
6.316   45.305   1598   -9999.0000   -9999.0000    3.3   3.3 -9999.0000   -9999.0000   -9999.0000   -9999.0000   -9999.0000   -9999.0000   -9999.0000   -9999.0000   -9999.0000   -9999.0000   -9999.0000   -9999.0000    -1   -1   -1   -1   -1   -1   -1   -1   -1   -1   -1   -1   -1   -1   -1   -1   -1   -1   -1   -1
6.458   45.186   1860   -9999.0000   -9999.0000   17.0   1.6 -9999.0000   -9999.0000   -9999.0000   -9999.0000   -9999.0000   -9999.0000   -9999.0000   -9999.0000   -9999.0000   -9999.0000   -9999.0000   -9999.0000    -1   -1   -1   -1   -1   -1   -1   -1   -1   -1   -1   -1   -1   -1   -1   -1   -1   -1   -1   -1
6.905   45.677   2611   -9999.0000   -9999.0000    8.3   0.8 -9999.0000   -9999.0000   -9999.0000   -9999.0000   -9999.0000   -9999.0000   -9999.0000   -9999.0000   -9999.0000   -9999.0000   -9999.0000   -9999.0000    -1   -1   -1   -1   -1   -1   -1   -1   -1   -1   -1   -1   -1   -1   -1   -1   -1   -1   -1   -1
6.903   45.681   2613   -9999.0000   -9999.0000    7.9   0.8 -9999.0000   -9999.0000   -9999.0000   -9999.0000   -9999.0000   -9999.0000   -9999.0000   -9999.0000   -9999.0000   -9999.0000   -9999.0000   -9999.0000    -1   -1   -1   -1   -1   -1   -1   -1   -1   -1   -1   -1   -1   -1   -1   -1   -1   -1   -1   -1
6.817   45.771   2742   -9999.0000   -9999.0000    5.7   0.6 -9999.0000   -9999.0000   -9999.0000   -9999.0000   -9999.0000   -9999.0000   -9999.0000   -9999.0000   -9999.0000   -9999.0000   -9999.0000   -9999.0000    -1   -1   -1   -1   -1   -1   -1   -1   -1   -1   -1   -1   -1   -1   -1   -1   -1   -1   -1   -1
6.867   45.897   1280   -9999.0000   -9999.0000    3.9   0.2 -9999.0000   -9999.0000   -9999.0000   -9999.0000   -9999.0000   -9999.0000   -9999.0000   -9999.0000   -9999.0000   -9999.0000   -9999.0000   -9999.0000    -1   -1   -1   -1   -1   -1   -1   -1   -1   -1   -1   -1   -1   -1   -1   -1   -1   -1   -1   -1
6.873   45.891   1285   -9999.0000   -9999.0000    4.2   0.4 -9999.0000   -9999.0000   -9999.0000   -9999.0000   -9999.0000   -9999.0000   -9999.0000   -9999.0000   -9999.0000   -9999.0000   -9999.0000   -9999.0000    -1   -1   -1   -1   -1   -1   -1   -1   -1   -1   -1   -1   -1   -1   -1   -1   -1   -1   -1   -1
6.879   45.886   1293   -9999.0000   -9999.0000    4.0   0.2 -9999.0000   -9999.0000   -9999.0000   -9999.0000   -9999.0000   -9999.0000   -9999.0000   -9999.0000   -9999.0000   -9999.0000   -9999.0000   -9999.0000    -1   -1   -1   -1   -1   -1   -1   -1   -1   -1   -1   -1   -1   -1   -1   -1   -1   -1   -1   -1
6.883   45.882   1299   -9999.0000   -9999.0000    4.0   0.4 -9999.0000   -9999.0000   -9999.0000   -9999.0000   -9999.0000   -9999.0000   -9999.0000   -9999.0000   -9999.0000   -9999.0000   -9999.0000   -9999.0000    -1   -1   -1   -1   -1   -1   -1   -1   -1   -1   -1   -1   -1   -1   -1   -1   -1   -1   -1   -1
6.895   45.871   1313   -9999.0000   -9999.0000    3.8   0.7 -9999.0000   -9999.0000   -9999.0000   -9999.0000   -9999.0000   -9999.0000   -9999.0000   -9999.0000   -9999.0000   -9999.0000   -9999.0000   -9999.0000    -1   -1   -1   -1   -1   -1   -1   -1   -1   -1   -1   -1   -1   -1   -1   -1   -1   -1   -1   -1
6.903   45.864   1323   -9999.0000   -9999.0000    4.4   1.1 -9999.0000   -9999.0000   -9999.0000   -9999.0000   -9999.0000   -9999.0000   -9999.0000   -9999.0000   -9999.0000   -9999.0000   -9999.0000   -9999.0000    -1   -1   -1   -1   -1   -1   -1   -1   -1   -1   -1   -1   -1   -1   -1   -1   -1   -1   -1   -1
6.922   45.857   1331   -9999.0000   -9999.0000    4.4   0.8 -9999.0000   -9999.0000   -9999.0000   -9999.0000   -9999.0000   -9999.0000   -9999.0000   -9999.0000   -9999.0000   -9999.0000   -9999.0000   -9999.0000    -1   -1   -1   -1   -1   -1   -1   -1   -1   -1   -1   -1   -1   -1   -1   -1   -1   -1   -1   -1
6.916   45.851   1338   -9999.0000   -9999.0000    3.4   0.7 -9999.0000   -9999.0000   -9999.0000   -9999.0000   -9999.0000   -9999.0000   -9999.0000   -9999.0000   -9999.0000   -9999.0000   -9999.0000   -9999.0000    -1   -1   -1   -1   -1   -1   -1   -1   -1   -1   -1   -1   -1   -1   -1   -1   -1   -1   -1   -1
6.923   45.845   1346   -9999.0000   -9999.0000    4.4   0.7 -9999.0000   -9999.0000   -9999.0000   -9999.0000   -9999.0000   -9999.0000   -9999.0000   -9999.0000   -9999.0000   -9999.0000   -9999.0000   -9999.0000    -1   -1   -1   -1   -1   -1   -1   -1   -1   -1   -1   -1   -1   -1   -1   -1   -1   -1   -1   -1
6.930   45.839   1354   -9999.0000   -9999.0000    4.5   0.6 -9999.0000   -9999.0000   -9999.0000   -9999.0000   -9999.0000   -9999.0000   -9999.0000   -9999.0000   -9999.0000   -9999.0000   -9999.0000   -9999.0000    -1   -1   -1   -1   -1   -1   -1   -1   -1   -1   -1   -1   -1   -1   -1   -1   -1   -1   -1   -1
6.940   45.829   1367   -9999.0000   -9999.0000    5.3   0.7 -9999.0000   -9999.0000   -9999.0000   -9999.0000   -9999.0000   -9999.0000   -9999.0000   -9999.0000   -9999.0000   -9999.0000   -9999.0000   -9999.0000    -1   -1   -1   -1   -1   -1   -1   -1   -1   -1   -1   -1   -1   -1   -1   -1   -1   -1   -1   -1
6.879   45.887   2587   -9999.0000   -9999.0000    6.5   0.3 -9999.0000   -9999.0000   -9999.0000   -9999.0000   -9999.0000   -9999.0000   -9999.0000   -9999.0000   -9999.0000   -9999.0000   -9999.0000   -9999.0000    -1   -1   -1   -1   -1   -1   -1   -1   -1   -1   -1   -1   -1   -1   -1   -1   -1   -1   -1   -1
6.872   45.890   2266   -9999.0000   -9999.0000    6.3   0.3 -9999.0000   -9999.0000   -9999.0000   -9999.0000   -9999.0000   -9999.0000   -9999.0000   -9999.0000   -9999.0000   -9999.0000   -9999.0000   -9999.0000    -1   -1   -1   -1   -1   -1   -1   -1   -1   -1   -1   -1   -1   -1   -1   -1   -1   -1   -1   -1
6.869   45.893   1978   -9999.0000   -9999.0000    6.4   0.4 -9999.0000   -9999.0000   -9999.0000   -9999.0000   -9999.0000   -9999.0000   -9999.0000   -9999.0000   -9999.0000   -9999.0000   -9999.0000   -9999.0000    -1   -1   -1   -1   -1   -1   -1   -1   -1   -1   -1   -1   -1   -1   -1   -1   -1   -1   -1   -1
6.865   45.896   1664   -9999.0000   -9999.0000    5.5   0.3 -9999.0000   -9999.0000   -9999.0000   -9999.0000   -9999.0000   -9999.0000   -9999.0000   -9999.0000   -9999.0000   -9999.0000   -9999.0000   -9999.0000    -1   -1   -1   -1   -1   -1   -1   -1   -1   -1   -1   -1   -1   -1   -1   -1   -1   -1   -1   -1
6.858   45.900   1277   -9999.0000   -9999.0000    3.5   0.3 -9999.0000   -9999.0000   -9999.0000   -9999.0000   -9999.0000   -9999.0000   -9999.0000   -9999.0000   -9999.0000   -9999.0000   -9999.0000   -9999.0000    -1   -1   -1   -1   -1   -1   -1   -1   -1   -1   -1   -1   -1   -1   -1   -1   -1   -1   -1   -1
6.902   45.869   3416   -9999.0000   -9999.0000    6.6   1.0 -9999.0000   -9999.0000   -9999.0000   -9999.0000   -9999.0000   -9999.0000   -9999.0000   -9999.0000   -9999.0000   -9999.0000   -9999.0000   -9999.0000    -1   -1   -1   -1   -1   -1   -1   -1   -1   -1   -1   -1   -1   -1   -1   -1   -1   -1   -1   -1
6.907   45.857   3213   -9999.0000   -9999.0000    6.4   0.8 -9999.0000   -9999.0000   -9999.0000   -9999.0000   -9999.0000   -9999.0000   -9999.0000   -9999.0000   -9999.0000   -9999.0000   -9999.0000   -9999.0000    -1   -1   -1   -1   -1   -1   -1   -1   -1   -1   -1   -1   -1   -1   -1   -1   -1   -1   -1   -1
6.928   45.850   3403   -9999.0000   -9999.0000    6.7   0.5 -9999.0000   -9999.0000   -9999.0000   -9999.0000   -9999.0000   -9999.0000   -9999.0000   -9999.0000   -9999.0000   -9999.0000   -9999.0000   -9999.0000    -1   -1   -1   -1   -1   -1   -1   -1   -1   -1   -1   -1   -1   -1   -1   -1   -1   -1   -1   -1
6.888   45.878   3750   -9999.0000   -9999.0000    6.8   0.8 -9999.0000   -9999.0000   -9999.0000   -9999.0000   -9999.0000   -9999.0000   -9999.0000   -9999.0000   -9999.0000   -9999.0000   -9999.0000   -9999.0000    -1   -1   -1   -1   -1   -1   -1   -1   -1   -1   -1   -1   -1   -1   -1   -1   -1   -1   -1   -1
6.950   45.828   2121   -9999.0000   -9999.0000    6.1   0.7 -9999.0000   -9999.0000   -9999.0000   -9999.0000   -9999.0000   -9999.0000   -9999.0000   -9999.0000   -9999.0000   -9999.0000   -9999.0000   -9999.0000    -1   -1   -1   -1   -1   -1   -1   -1   -1   -1   -1   -1   -1   -1   -1   -1   -1   -1   -1   -1
6.939   45.839   2733   -9999.0000   -9999.0000    6.3   0.6 -9999.0000   -9999.0000   -9999.0000   -9999.0000   -9999.0000   -9999.0000   -9999.0000   -9999.0000   -9999.0000   -9999.0000   -9999.0000   -9999.0000    -1   -1   -1   -1   -1   -1   -1   -1   -1   -1   -1   -1   -1   -1   -1   -1   -1   -1   -1   -1
6.940   45.837   2620   -9999.0000   -9999.0000    6.6   1.1 -9999.0000   -9999.0000   -9999.0000   -9999.0000   -9999.0000   -9999.0000   -9999.0000   -9999.0000   -9999.0000   -9999.0000   -9999.0000   -9999.0000    -1   -1   -1   -1   -1   -1   -1   -1   -1   -1   -1   -1   -1   -1   -1   -1   -1   -1   -1   -1
6.941   45.834   2406   -9999.0000   -9999.0000    6.0   0.6 -9999.0000   -9999.0000   -9999.0000   -9999.0000   -9999.0000   -9999.0000   -9999.0000   -9999.0000   -9999.0000   -9999.0000   -9999.0000   -9999.0000    -1   -1   -1   -1   -1   -1   -1   -1   -1   -1   -1   -1   -1   -1   -1   -1   -1   -1   -1   -1
6.946   45.832   2272   -9999.0000   -9999.0000    6.1   0.6 -9999.0000   -9999.0000   -9999.0000   -9999.0000   -9999.0000   -9999.0000   -9999.0000   -9999.0000   -9999.0000   -9999.0000   -9999.0000   -9999.0000    -1   -1   -1   -1   -1   -1   -1   -1   -1   -1   -1   -1   -1   -1   -1   -1   -1   -1   -1   -1
7.044   45.872   1845   -9999.0000   -9999.0000    5.1   0.6 -9999.0000   -9999.0000   -9999.0000   -9999.0000   -9999.0000   -9999.0000   -9999.0000   -9999.0000   -9999.0000   -9999.0000   -9999.0000   -9999.0000    -1   -1   -1   -1   -1   -1   -1   -1   -1   -1   -1   -1   -1   -1   -1   -1   -1   -1   -1   -1
6.963   45.802   1280   -9999.0000   -9999.0000    2.6   0.7 -9999.0000   -9999.0000   -9999.0000   -9999.0000   -9999.0000   -9999.0000   -9999.0000   -9999.0000   -9999.0000   -9999.0000   -9999.0000   -9999.0000    -1   -1   -1   -1   -1   -1   -1   -1   -1   -1   -1   -1   -1   -1   -1   -1   -1   -1   -1   -1
6.917   45.806   1658   -9999.0000   -9999.0000    4.5   0.2 -9999.0000   -9999.0000   -9999.0000   -9999.0000   -9999.0000   -9999.0000   -9999.0000   -9999.0000   -9999.0000   -9999.0000   -9999.0000   -9999.0000    -1   -1   -1   -1   -1   -1   -1   -1   -1   -1   -1   -1   -1   -1   -1   -1   -1   -1   -1   -1
6.933   45.844   3310   -9999.0000   -9999.0000    7.7   1.7 -9999.0000   -9999.0000   -9999.0000   -9999.0000   -9999.0000   -9999.0000   -9999.0000   -9999.0000   -9999.0000   -9999.0000   -9999.0000   -9999.0000    -1   -1   -1   -1   -1   -1   -1   -1   -1   -1   -1   -1   -1   -1   -1   -1   -1   -1   -1   -1
7.033   45.750    380   -9999.0000   -9999.0000   12.6   3.0 -9999.0000   -9999.0000   -9999.0000   -9999.0000   -9999.0000   -9999.0000   -9999.0000   -9999.0000   -9999.0000   -9999.0000   -9999.0000   -9999.0000    -1   -1   -1   -1   -1   -1   -1   -1   -1   -1   -1   -1   -1   -1   -1   -1   -1   -1   -1   -1
7.458   46.148   1150   -9999.0000   -9999.0000   13.1   1.6 -9999.0000   -9999.0000   -9999.0000   -9999.0000   -9999.0000   -9999.0000   -9999.0000   -9999.0000   -9999.0000   -9999.0000   -9999.0000   -9999.0000    -1   -1   -1   -1   -1   -1   -1   -1   -1   -1   -1   -1   -1   -1   -1   -1   -1   -1   -1   -1
7.373   45.841   1150   -9999.0000   -9999.0000   10.7   1.1 -9999.0000   -9999.0000   -9999.0000   -9999.0000   -9999.0000   -9999.0000   -9999.0000   -9999.0000   -9999.0000   -9999.0000   -9999.0000   -9999.0000    -1   -1   -1   -1   -1   -1   -1   -1   -1   -1   -1   -1   -1   -1   -1   -1   -1   -1   -1   -1
7.431   45.431    750   -9999.0000   -9999.0000   20.4   1.1 -9999.0000   -9999.0000   -9999.0000   -9999.0000   -9999.0000   -9999.0000   -9999.0000   -9999.0000   -9999.0000   -9999.0000   -9999.0000   -9999.0000    -1   -1   -1   -1   -1   -1   -1   -1   -1   -1   -1   -1   -1   -1   -1   -1   -1   -1   -1   -1
7.338   45.440   1040   -9999.0000   -9999.0000   20.1   1.2 -9999.0000   -9999.0000   -9999.0000   -9999.0000   -9999.0000   -9999.0000   -9999.0000   -9999.0000   -9999.0000   -9999.0000   -9999.0000   -9999.0000    -1   -1   -1   -1   -1   -1   -1   -1   -1   -1   -1   -1   -1   -1   -1   -1   -1   -1   -1   -1
7.213   45.429   1620   -9999.0000   -9999.0000   23.9   1.8 -9999.0000   -9999.0000   -9999.0000   -9999.0000   -9999.0000   -9999.0000   -9999.0000   -9999.0000   -9999.0000   -9999.0000   -9999.0000   -9999.0000    -1   -1   -1   -1   -1   -1   -1   -1   -1   -1   -1   -1   -1   -1   -1   -1   -1   -1   -1   -1
7.178   45.450   1840   -9999.0000   -9999.0000   23.9   2.4 -9999.0000   -9999.0000   -9999.0000   -9999.0000   -9999.0000   -9999.0000   -9999.0000   -9999.0000   -9999.0000   -9999.0000   -9999.0000   -9999.0000    -1   -1   -1   -1   -1   -1   -1   -1   -1   -1   -1   -1   -1   -1   -1   -1   -1   -1   -1   -1
7.267   45.513   3500   -9999.0000   -9999.0000   23.0   3.1 -9999.0000   -9999.0000   -9999.0000   -9999.0000   -9999.0000   -9999.0000   -9999.0000   -9999.0000   -9999.0000   -9999.0000   -9999.0000   -9999.0000    -1   -1   -1   -1   -1   -1   -1   -1   -1   -1   -1   -1   -1   -1   -1   -1   -1   -1   -1   -1
7.292   45.512   4060   -9999.0000   -9999.0000   24.4   4.8 -9999.0000   -9999.0000   -9999.0000   -9999.0000   -9999.0000   -9999.0000   -9999.0000   -9999.0000   -9999.0000   -9999.0000   -9999.0000   -9999.0000    -1   -1   -1   -1   -1   -1   -1   -1   -1   -1   -1   -1   -1   -1   -1   -1   -1   -1   -1   -1
6.285   45.379    450   -9999.0000   -9999.0000    4.2   0.2 -9999.0000   -9999.0000   -9999.0000   -9999.0000   -9999.0000   -9999.0000   -9999.0000   -9999.0000   -9999.0000   -9999.0000   -9999.0000   -9999.0000    -1   -1   -1   -1   -1   -1   -1   -1   -1   -1   -1   -1   -1   -1   -1   -1   -1   -1   -1   -1
6.282   45.349    450   -9999.0000   -9999.0000    3.6   0.2 -9999.0000   -9999.0000   -9999.0000   -9999.0000   -9999.0000   -9999.0000   -9999.0000   -9999.0000   -9999.0000   -9999.0000   -9999.0000   -9999.0000    -1   -1   -1   -1   -1   -1   -1   -1   -1   -1   -1   -1   -1   -1   -1   -1   -1   -1   -1   -1
6.277   45.350    450   -9999.0000   -9999.0000    3.8   0.2 -9999.0000   -9999.0000   -9999.0000   -9999.0000   -9999.0000   -9999.0000   -9999.0000   -9999.0000   -9999.0000   -9999.0000   -9999.0000   -9999.0000    -1   -1   -1   -1   -1   -1   -1   -1   -1   -1   -1   -1   -1   -1   -1   -1   -1   -1   -1   -1
6.269   45.370    470   -9999.0000   -9999.0000    6.2   0.3 -9999.0000   -9999.0000   -9999.0000   -9999.0000   -9999.0000   -9999.0000   -9999.0000   -9999.0000   -9999.0000   -9999.0000   -9999.0000   -9999.0000    -1   -1   -1   -1   -1   -1   -1   -1   -1   -1   -1   -1   -1   -1   -1   -1   -1   -1   -1   -1
6.252   45.358    470   -9999.0000   -9999.0000    3.5   0.2 -9999.0000   -9999.0000   -9999.0000   -9999.0000   -9999.0000   -9999.0000   -9999.0000   -9999.0000   -9999.0000   -9999.0000   -9999.0000   -9999.0000    -1   -1   -1   -1   -1   -1   -1   -1   -1   -1   -1   -1   -1   -1   -1   -1   -1   -1   -1   -1
6.245   45.360    490   -9999.0000   -9999.0000    3.1   0.2 -9999.0000   -9999.0000   -9999.0000   -9999.0000   -9999.0000   -9999.0000   -9999.0000   -9999.0000   -9999.0000   -9999.0000   -9999.0000   -9999.0000    -1   -1   -1   -1   -1   -1   -1   -1   -1   -1   -1   -1   -1   -1   -1   -1   -1   -1   -1   -1
6.233   45.363    490   -9999.0000   -9999.0000    2.9   0.1 -9999.0000   -9999.0000   -9999.0000   -9999.0000   -9999.0000   -9999.0000   -9999.0000   -9999.0000   -9999.0000   -9999.0000   -9999.0000   -9999.0000    -1   -1   -1   -1   -1   -1   -1   -1   -1   -1   -1   -1   -1   -1   -1   -1   -1   -1   -1   -1
6.192   45.370    490   -9999.0000   -9999.0000    1.7   0.1 -9999.0000   -9999.0000   -9999.0000   -9999.0000   -9999.0000   -9999.0000   -9999.0000   -9999.0000   -9999.0000   -9999.0000   -9999.0000   -9999.0000    -1   -1   -1   -1   -1   -1   -1   -1   -1   -1   -1   -1   -1   -1   -1   -1   -1   -1   -1   -1
6.325   45.318    490   -9999.0000   -9999.0000    1.9   0.2 -9999.0000   -9999.0000   -9999.0000   -9999.0000   -9999.0000   -9999.0000   -9999.0000   -9999.0000   -9999.0000   -9999.0000   -9999.0000   -9999.0000    -1   -1   -1   -1   -1   -1   -1   -1   -1   -1   -1   -1   -1   -1   -1   -1   -1   -1   -1   -1
6.342   45.299    750   -9999.0000   -9999.0000    3.4   0.2 -9999.0000   -9999.0000   -9999.0000   -9999.0000   -9999.0000   -9999.0000   -9999.0000   -9999.0000   -9999.0000   -9999.0000   -9999.0000   -9999.0000    -1   -1   -1   -1   -1   -1   -1   -1   -1   -1   -1   -1   -1   -1   -1   -1   -1   -1   -1   -1
6.362   45.257    915   -9999.0000   -9999.0000    3.2   0.4 -9999.0000   -9999.0000   -9999.0000   -9999.0000   -9999.0000   -9999.0000   -9999.0000   -9999.0000   -9999.0000   -9999.0000   -9999.0000   -9999.0000    -1   -1   -1   -1   -1   -1   -1   -1   -1   -1   -1   -1   -1   -1   -1   -1   -1   -1   -1   -1
6.291   45.385   1020   -9999.0000   -9999.0000    4.1   0.3 -9999.0000   -9999.0000   -9999.0000   -9999.0000   -9999.0000   -9999.0000   -9999.0000   -9999.0000   -9999.0000   -9999.0000   -9999.0000   -9999.0000    -1   -1   -1   -1   -1   -1   -1   -1   -1   -1   -1   -1   -1   -1   -1   -1   -1   -1   -1   -1
6.266   45.357   1300   -9999.0000   -9999.0000    3.2   0.1 -9999.0000   -9999.0000   -9999.0000   -9999.0000   -9999.0000   -9999.0000   -9999.0000   -9999.0000   -9999.0000   -9999.0000   -9999.0000   -9999.0000    -1   -1   -1   -1   -1   -1   -1   -1   -1   -1   -1   -1   -1   -1   -1   -1   -1   -1   -1   -1
6.301   45.391   1300   -9999.0000   -9999.0000    6.9   0.3 -9999.0000   -9999.0000   -9999.0000   -9999.0000   -9999.0000   -9999.0000   -9999.0000   -9999.0000   -9999.0000   -9999.0000   -9999.0000   -9999.0000    -1   -1   -1   -1   -1   -1   -1   -1   -1   -1   -1   -1   -1   -1   -1   -1   -1   -1   -1   -1
6.307   45.317   1310   -9999.0000   -9999.0000    3.7   0.2 -9999.0000   -9999.0000   -9999.0000   -9999.0000   -9999.0000   -9999.0000   -9999.0000   -9999.0000   -9999.0000   -9999.0000   -9999.0000   -9999.0000    -1   -1   -1   -1   -1   -1   -1   -1   -1   -1   -1   -1   -1   -1   -1   -1   -1   -1   -1   -1
6.338   45.345   1360   -9999.0000   -9999.0000    3.7   0.2 -9999.0000   -9999.0000   -9999.0000   -9999.0000   -9999.0000   -9999.0000   -9999.0000   -9999.0000   -9999.0000   -9999.0000   -9999.0000   -9999.0000    -1   -1   -1   -1   -1   -1   -1   -1   -1   -1   -1   -1   -1   -1   -1   -1   -1   -1   -1   -1
6.255   45.366   1380   -9999.0000   -9999.0000    5.6   0.4 -9999.0000   -9999.0000   -9999.0000   -9999.0000   -9999.0000   -9999.0000   -9999.0000   -9999.0000   -9999.0000   -9999.0000   -9999.0000   -9999.0000    -1   -1   -1   -1   -1   -1   -1   -1   -1   -1   -1   -1   -1   -1   -1   -1   -1   -1   -1   -1
6.377   45.251   1390   -9999.0000   -9999.0000    3.2   0.3 -9999.0000   -9999.0000   -9999.0000   -9999.0000   -9999.0000   -9999.0000   -9999.0000   -9999.0000   -9999.0000   -9999.0000   -9999.0000   -9999.0000    -1   -1   -1   -1   -1   -1   -1   -1   -1   -1   -1   -1   -1   -1   -1   -1   -1   -1   -1   -1
6.202   45.378   1390   -9999.0000   -9999.0000    3.9   0.1 -9999.0000   -9999.0000   -9999.0000   -9999.0000   -9999.0000   -9999.0000   -9999.0000   -9999.0000   -9999.0000   -9999.0000   -9999.0000   -9999.0000    -1   -1   -1   -1   -1   -1   -1   -1   -1   -1   -1   -1   -1   -1   -1   -1   -1   -1   -1   -1
6.318   45.314   1520   -9999.0000   -9999.0000    4.2   0.3 -9999.0000   -9999.0000   -9999.0000   -9999.0000   -9999.0000   -9999.0000   -9999.0000   -9999.0000   -9999.0000   -9999.0000   -9999.0000   -9999.0000    -1   -1   -1   -1   -1   -1   -1   -1   -1   -1   -1   -1   -1   -1   -1   -1   -1   -1   -1   -1
6.258   45.343   1690   -9999.0000   -9999.0000    4.7   0.2 -9999.0000   -9999.0000   -9999.0000   -9999.0000   -9999.0000   -9999.0000   -9999.0000   -9999.0000   -9999.0000   -9999.0000   -9999.0000   -9999.0000    -1   -1   -1   -1   -1   -1   -1   -1   -1   -1   -1   -1   -1   -1   -1   -1   -1   -1   -1   -1
6.308   45.402   1820   -9999.0000   -9999.0000    6.1   0.2 -9999.0000   -9999.0000   -9999.0000   -9999.0000   -9999.0000   -9999.0000   -9999.0000   -9999.0000   -9999.0000   -9999.0000   -9999.0000   -9999.0000    -1   -1   -1   -1   -1   -1   -1   -1   -1   -1   -1   -1   -1   -1   -1   -1   -1   -1   -1   -1
6.254   45.348   1930   -9999.0000   -9999.0000    5.0   0.5 -9999.0000   -9999.0000   -9999.0000   -9999.0000   -9999.0000   -9999.0000   -9999.0000   -9999.0000   -9999.0000   -9999.0000   -9999.0000   -9999.0000    -1   -1   -1   -1   -1   -1   -1   -1   -1   -1   -1   -1   -1   -1   -1   -1   -1   -1   -1   -1
6.359   45.246   2043   -9999.0000   -9999.0000    4.7   0.7 -9999.0000   -9999.0000   -9999.0000   -9999.0000   -9999.0000   -9999.0000   -9999.0000   -9999.0000   -9999.0000   -9999.0000   -9999.0000   -9999.0000    -1   -1   -1   -1   -1   -1   -1   -1   -1   -1   -1   -1   -1   -1   -1   -1   -1   -1   -1   -1
6.301   45.309   2043   -9999.0000   -9999.0000    4.8   0.4 -9999.0000   -9999.0000   -9999.0000   -9999.0000   -9999.0000   -9999.0000   -9999.0000   -9999.0000   -9999.0000   -9999.0000   -9999.0000   -9999.0000    -1   -1   -1   -1   -1   -1   -1   -1   -1   -1   -1   -1   -1   -1   -1   -1   -1   -1   -1   -1
6.305   45.310   2150   -9999.0000   -9999.0000    4.5   0.2 -9999.0000   -9999.0000   -9999.0000   -9999.0000   -9999.0000   -9999.0000   -9999.0000   -9999.0000   -9999.0000   -9999.0000   -9999.0000   -9999.0000    -1   -1   -1   -1   -1   -1   -1   -1   -1   -1   -1   -1   -1   -1   -1   -1   -1   -1   -1   -1
6.245   45.349   2180   -9999.0000   -9999.0000    4.8   0.2 -9999.0000   -9999.0000   -9999.0000   -9999.0000   -9999.0000   -9999.0000   -9999.0000   -9999.0000   -9999.0000   -9999.0000   -9999.0000   -9999.0000    -1   -1   -1   -1   -1   -1   -1   -1   -1   -1   -1   -1   -1   -1   -1   -1   -1   -1   -1   -1
6.195   45.364   2250   -9999.0000   -9999.0000    5.3   0.2 -9999.0000   -9999.0000   -9999.0000   -9999.0000   -9999.0000   -9999.0000   -9999.0000   -9999.0000   -9999.0000   -9999.0000   -9999.0000   -9999.0000    -1   -1   -1   -1   -1   -1   -1   -1   -1   -1   -1   -1   -1   -1   -1   -1   -1   -1   -1   -1
6.240   45.346   2340   -9999.0000   -9999.0000    5.9   0.5 -9999.0000   -9999.0000   -9999.0000   -9999.0000   -9999.0000   -9999.0000   -9999.0000   -9999.0000   -9999.0000   -9999.0000   -9999.0000   -9999.0000    -1   -1   -1   -1   -1   -1   -1   -1   -1   -1   -1   -1   -1   -1   -1   -1   -1   -1   -1   -1
6.235   45.348   2350   -9999.0000   -9999.0000    6.8   0.2 -9999.0000   -9999.0000   -9999.0000   -9999.0000   -9999.0000   -9999.0000   -9999.0000   -9999.0000   -9999.0000   -9999.0000   -9999.0000   -9999.0000    -1   -1   -1   -1   -1   -1   -1   -1   -1   -1   -1   -1   -1   -1   -1   -1   -1   -1   -1   -1
6.228   45.371   2560   -9999.0000   -9999.0000    6.8   0.2 -9999.0000   -9999.0000   -9999.0000   -9999.0000   -9999.0000   -9999.0000   -9999.0000   -9999.0000   -9999.0000   -9999.0000   -9999.0000   -9999.0000    -1   -1   -1   -1   -1   -1   -1   -1   -1   -1   -1   -1   -1   -1   -1   -1   -1   -1   -1   -1
6.225   45.359   2750   -9999.0000   -9999.0000    6.7   0.2 -9999.0000   -9999.0000   -9999.0000   -9999.0000   -9999.0000   -9999.0000   -9999.0000   -9999.0000   -9999.0000   -9999.0000   -9999.0000   -9999.0000    -1   -1   -1   -1   -1   -1   -1   -1   -1   -1   -1   -1   -1   -1   -1   -1   -1   -1   -1   -1
6.202   45.356   1010   -9999.0000   -9999.0000    7.5   0.2 -9999.0000   -9999.0000   -9999.0000   -9999.0000   -9999.0000   -9999.0000   -9999.0000   -9999.0000   -9999.0000   -9999.0000   -9999.0000   -9999.0000    -1   -1   -1   -1   -1   -1   -1   -1   -1   -1   -1   -1   -1   -1   -1   -1   -1   -1   -1   -1
6.846   45.915   1300   -9999.0000   -9999.0000    3.8   0.6 -9999.0000   -9999.0000   -9999.0000   -9999.0000   -9999.0000   -9999.0000   -9999.0000   -9999.0000   -9999.0000   -9999.0000   -9999.0000   -9999.0000    -1   -1   -1   -1   -1   -1   -1   -1   -1   -1   -1   -1   -1   -1   -1   -1   -1   -1   -1   -1
6.891   45.874   1350   -9999.0000   -9999.0000    4.6   1.0 -9999.0000   -9999.0000   -9999.0000   -9999.0000   -9999.0000   -9999.0000   -9999.0000   -9999.0000   -9999.0000   -9999.0000   -9999.0000   -9999.0000    -1   -1   -1   -1   -1   -1   -1   -1   -1   -1   -1   -1   -1   -1   -1   -1   -1   -1   -1   -1
6.934   45.835   1350   -9999.0000   -9999.0000    2.8   0.5 -9999.0000   -9999.0000   -9999.0000   -9999.0000   -9999.0000   -9999.0000   -9999.0000   -9999.0000   -9999.0000   -9999.0000   -9999.0000   -9999.0000    -1   -1   -1   -1   -1   -1   -1   -1   -1   -1   -1   -1   -1   -1   -1   -1   -1   -1   -1   -1
6.910   45.857   1370   -9999.0000   -9999.0000    3.4   0.4 -9999.0000   -9999.0000   -9999.0000   -9999.0000   -9999.0000   -9999.0000   -9999.0000   -9999.0000   -9999.0000   -9999.0000   -9999.0000   -9999.0000    -1   -1   -1   -1   -1   -1   -1   -1   -1   -1   -1   -1   -1   -1   -1   -1   -1   -1   -1   -1
6.854   45.895   2500   -9999.0000   -9999.0000    3.8   0.3 -9999.0000   -9999.0000   -9999.0000   -9999.0000   -9999.0000   -9999.0000   -9999.0000   -9999.0000   -9999.0000   -9999.0000   -9999.0000   -9999.0000    -1   -1   -1   -1   -1   -1   -1   -1   -1   -1   -1   -1   -1   -1   -1   -1   -1   -1   -1   -1
6.838   45.934   3800   -9999.0000   -9999.0000    4.9   0.9 -9999.0000   -9999.0000   -9999.0000   -9999.0000   -9999.0000   -9999.0000   -9999.0000   -9999.0000   -9999.0000   -9999.0000   -9999.0000   -9999.0000    -1   -1   -1   -1   -1   -1   -1   -1   -1   -1   -1   -1   -1   -1   -1   -1   -1   -1   -1   -1
6.888   45.878   4760   -9999.0000   -9999.0000    4.8   0.8 -9999.0000   -9999.0000   -9999.0000   -9999.0000   -9999.0000   -9999.0000   -9999.0000   -9999.0000   -9999.0000   -9999.0000   -9999.0000   -9999.0000    -1   -1   -1   -1   -1   -1   -1   -1   -1   -1   -1   -1   -1   -1   -1   -1   -1   -1   -1   -1
6.867   45.830    600   -9999.0000   -9999.0000    5.0   0.6 -9999.0000   -9999.0000   -9999.0000   -9999.0000   -9999.0000   -9999.0000   -9999.0000   -9999.0000   -9999.0000   -9999.0000   -9999.0000   -9999.0000    -1   -1   -1   -1   -1   -1   -1   -1   -1   -1   -1   -1   -1   -1   -1   -1   -1   -1   -1   -1
7.204   45.627   1550   -9999.0000   -9999.0000   22.0   2.7 -9999.0000   -9999.0000   -9999.0000   -9999.0000   -9999.0000   -9999.0000   -9999.0000   -9999.0000   -9999.0000   -9999.0000   -9999.0000   -9999.0000    -1   -1   -1   -1   -1   -1   -1   -1   -1   -1   -1   -1   -1   -1   -1   -1   -1   -1   -1   -1
7.122   45.724   1580   -9999.0000   -9999.0000   14.4   3.4 -9999.0000   -9999.0000   -9999.0000   -9999.0000   -9999.0000   -9999.0000   -9999.0000   -9999.0000   -9999.0000   -9999.0000   -9999.0000   -9999.0000    -1   -1   -1   -1   -1   -1   -1   -1   -1   -1   -1   -1   -1   -1   -1   -1   -1   -1   -1   -1
7.491   45.795   1630   -9999.0000   -9999.0000   32.0   7.5 -9999.0000   -9999.0000   -9999.0000   -9999.0000   -9999.0000   -9999.0000   -9999.0000   -9999.0000   -9999.0000   -9999.0000   -9999.0000   -9999.0000    -1   -1   -1   -1   -1   -1   -1   -1   -1   -1   -1   -1   -1   -1   -1   -1   -1   -1   -1   -1
7.209   45.604   1760   -9999.0000   -9999.0000   23.7   2.4 -9999.0000   -9999.0000   -9999.0000   -9999.0000   -9999.0000   -9999.0000   -9999.0000   -9999.0000   -9999.0000   -9999.0000   -9999.0000   -9999.0000    -1   -1   -1   -1   -1   -1   -1   -1   -1   -1   -1   -1   -1   -1   -1   -1   -1   -1   -1   -1
7.056   45.608   2010   -9999.0000   -9999.0000   29.2   2.4 -9999.0000   -9999.0000   -9999.0000   -9999.0000   -9999.0000   -9999.0000   -9999.0000   -9999.0000   -9999.0000   -9999.0000   -9999.0000   -9999.0000    -1   -1   -1   -1   -1   -1   -1   -1   -1   -1   -1   -1   -1   -1   -1   -1   -1   -1   -1   -1
6.820   45.172   2400   -9999.0000   -9999.0000   41.1   9.3 -9999.0000   -9999.0000   -9999.0000   -9999.0000   -9999.0000   -9999.0000   -9999.0000   -9999.0000   -9999.0000   -9999.0000   -9999.0000   -9999.0000    -1   -1   -1   -1   -1   -1   -1   -1   -1   -1   -1   -1   -1   -1   -1   -1   -1   -1   -1   -1
7.025   45.611   2500   -9999.0000   -9999.0000   36.1   4.7 -9999.0000   -9999.0000   -9999.0000   -9999.0000   -9999.0000   -9999.0000   -9999.0000   -9999.0000   -9999.0000   -9999.0000   -9999.0000   -9999.0000    -1   -1   -1   -1   -1   -1   -1   -1   -1   -1   -1   -1   -1   -1   -1   -1   -1   -1   -1   -1
7.233   45.503   2540   -9999.0000   -9999.0000   22.8   4.6 -9999.0000   -9999.0000   -9999.0000   -9999.0000   -9999.0000   -9999.0000   -9999.0000   -9999.0000   -9999.0000   -9999.0000   -9999.0000   -9999.0000    -1   -1   -1   -1   -1   -1   -1   -1   -1   -1   -1   -1   -1   -1   -1   -1   -1   -1   -1   -1
7.167   45.795   2600   -9999.0000   -9999.0000    3.1   1.6 -9999.0000   -9999.0000   -9999.0000   -9999.0000   -9999.0000   -9999.0000   -9999.0000   -9999.0000   -9999.0000   -9999.0000   -9999.0000   -9999.0000    -1   -1   -1   -1   -1   -1   -1   -1   -1   -1   -1   -1   -1   -1   -1   -1   -1   -1   -1   -1
7.045   45.635   2640   -9999.0000   -9999.0000   30.9   3.9 -9999.0000   -9999.0000   -9999.0000   -9999.0000   -9999.0000   -9999.0000   -9999.0000   -9999.0000   -9999.0000   -9999.0000   -9999.0000   -9999.0000    -1   -1   -1   -1   -1   -1   -1   -1   -1   -1   -1   -1   -1   -1   -1   -1   -1   -1   -1   -1
7.178   45.772   2650   -9999.0000   -9999.0000   27.4   4.1 -9999.0000   -9999.0000   -9999.0000   -9999.0000   -9999.0000   -9999.0000   -9999.0000   -9999.0000   -9999.0000   -9999.0000   -9999.0000   -9999.0000    -1   -1   -1   -1   -1   -1   -1   -1   -1   -1   -1   -1   -1   -1   -1   -1   -1   -1   -1   -1
7.440   45.563   2670   -9999.0000   -9999.0000   13.8   1.0 -9999.0000   -9999.0000   -9999.0000   -9999.0000   -9999.0000   -9999.0000   -9999.0000   -9999.0000   -9999.0000   -9999.0000   -9999.0000   -9999.0000    -1   -1   -1   -1   -1   -1   -1   -1   -1   -1   -1   -1   -1   -1   -1   -1   -1   -1   -1   -1
7.119   45.605   2692   -9999.0000   -9999.0000   32.2   8.7 -9999.0000   -9999.0000   -9999.0000   -9999.0000   -9999.0000   -9999.0000   -9999.0000   -9999.0000   -9999.0000   -9999.0000   -9999.0000   -9999.0000    -1   -1   -1   -1   -1   -1   -1   -1   -1   -1   -1   -1   -1   -1   -1   -1   -1   -1   -1   -1
7.238   45.623   2762   -9999.0000   -9999.0000   23.8   3.2 -9999.0000   -9999.0000   -9999.0000   -9999.0000   -9999.0000   -9999.0000   -9999.0000   -9999.0000   -9999.0000   -9999.0000   -9999.0000   -9999.0000    -1   -1   -1   -1   -1   -1   -1   -1   -1   -1   -1   -1   -1   -1   -1   -1   -1   -1   -1   -1
7.238   45.621   2800   -9999.0000   -9999.0000   25.7   4.6 -9999.0000   -9999.0000   -9999.0000   -9999.0000   -9999.0000   -9999.0000   -9999.0000   -9999.0000   -9999.0000   -9999.0000   -9999.0000   -9999.0000    -1   -1   -1   -1   -1   -1   -1   -1   -1   -1   -1   -1   -1   -1   -1   -1   -1   -1   -1   -1
7.388   45.649   2800   -9999.0000   -9999.0000   10.8   1.0 -9999.0000   -9999.0000   -9999.0000   -9999.0000   -9999.0000   -9999.0000   -9999.0000   -9999.0000   -9999.0000   -9999.0000   -9999.0000   -9999.0000    -1   -1   -1   -1   -1   -1   -1   -1   -1   -1   -1   -1   -1   -1   -1   -1   -1   -1   -1   -1
7.289   45.584   2810   -9999.0000   -9999.0000   24.5   5.4 -9999.0000   -9999.0000   -9999.0000   -9999.0000   -9999.0000   -9999.0000   -9999.0000   -9999.0000   -9999.0000   -9999.0000   -9999.0000   -9999.0000    -1   -1   -1   -1   -1   -1   -1   -1   -1   -1   -1   -1   -1   -1   -1   -1   -1   -1   -1   -1
7.098   45.603   2850   -9999.0000   -9999.0000   29.8   5.6 -9999.0000   -9999.0000   -9999.0000   -9999.0000   -9999.0000   -9999.0000   -9999.0000   -9999.0000   -9999.0000   -9999.0000   -9999.0000   -9999.0000    -1   -1   -1   -1   -1   -1   -1   -1   -1   -1   -1   -1   -1   -1   -1   -1   -1   -1   -1   -1
7.249   45.520   2870   -9999.0000   -9999.0000   19.2   3.7 -9999.0000   -9999.0000   -9999.0000   -9999.0000   -9999.0000   -9999.0000   -9999.0000   -9999.0000   -9999.0000   -9999.0000   -9999.0000   -9999.0000    -1   -1   -1   -1   -1   -1   -1   -1   -1   -1   -1   -1   -1   -1   -1   -1   -1   -1   -1   -1
7.031   45.627   2922   -9999.0000   -9999.0000   29.4   3.2 -9999.0000   -9999.0000   -9999.0000   -9999.0000   -9999.0000   -9999.0000   -9999.0000   -9999.0000   -9999.0000   -9999.0000   -9999.0000   -9999.0000    -1   -1   -1   -1   -1   -1   -1   -1   -1   -1   -1   -1   -1   -1   -1   -1   -1   -1   -1   -1
7.234   45.620    800   -9999.0000   -9999.0000   25.3   2.6 -9999.0000   -9999.0000   -9999.0000   -9999.0000   -9999.0000   -9999.0000   -9999.0000   -9999.0000   -9999.0000   -9999.0000   -9999.0000   -9999.0000    -1   -1   -1   -1   -1   -1   -1   -1   -1   -1   -1   -1   -1   -1   -1   -1   -1   -1   -1   -1
6.117   45.208   1750   -9999.0000   -9999.0000   14.3   2.0 -9999.0000   -9999.0000   -9999.0000   -9999.0000   -9999.0000   -9999.0000   -9999.0000   -9999.0000   -9999.0000   -9999.0000   -9999.0000   -9999.0000    -1   -1   -1   -1   -1   -1   -1   -1   -1   -1   -1   -1   -1   -1   -1   -1   -1   -1   -1   -1
7.164   46.164    725   -9999.0000   -9999.0000    3.1   0.2 -9999.0000   -9999.0000   -9999.0000   -9999.0000   -9999.0000   -9999.0000   -9999.0000   -9999.0000   -9999.0000   -9999.0000   -9999.0000   -9999.0000    -1   -1   -1   -1   -1   -1   -1   -1   -1   -1   -1   -1   -1   -1   -1   -1   -1   -1   -1   -1
7.074   46.091    730   -9999.0000   -9999.0000    5.7   0.4 -9999.0000   -9999.0000   -9999.0000   -9999.0000   -9999.0000   -9999.0000   -9999.0000   -9999.0000   -9999.0000   -9999.0000   -9999.0000   -9999.0000    -1   -1   -1   -1   -1   -1   -1   -1   -1   -1   -1   -1   -1   -1   -1   -1   -1   -1   -1   -1
6.555   45.712    760   -9999.0000   -9999.0000    2.1   0.2 -9999.0000   -9999.0000   -9999.0000   -9999.0000   -9999.0000   -9999.0000   -9999.0000   -9999.0000   -9999.0000   -9999.0000   -9999.0000   -9999.0000    -1   -1   -1   -1   -1   -1   -1   -1   -1   -1   -1   -1   -1   -1   -1   -1   -1   -1   -1   -1
7.085   45.725    930   -9999.0000   -9999.0000    3.5   0.4 -9999.0000   -9999.0000   -9999.0000   -9999.0000   -9999.0000   -9999.0000   -9999.0000   -9999.0000   -9999.0000   -9999.0000   -9999.0000   -9999.0000    -1   -1   -1   -1   -1   -1   -1   -1   -1   -1   -1   -1   -1   -1   -1   -1   -1   -1   -1   -1
7.127   46.084    930   -9999.0000   -9999.0000    1.4   0.2 -9999.0000   -9999.0000   -9999.0000   -9999.0000   -9999.0000   -9999.0000   -9999.0000   -9999.0000   -9999.0000   -9999.0000   -9999.0000   -9999.0000    -1   -1   -1   -1   -1   -1   -1   -1   -1   -1   -1   -1   -1   -1   -1   -1   -1   -1   -1   -1
6.601   45.702   1080   -9999.0000   -9999.0000    1.6   0.1 -9999.0000   -9999.0000   -9999.0000   -9999.0000   -9999.0000   -9999.0000   -9999.0000   -9999.0000   -9999.0000   -9999.0000   -9999.0000   -9999.0000    -1   -1   -1   -1   -1   -1   -1   -1   -1   -1   -1   -1   -1   -1   -1   -1   -1   -1   -1   -1
7.094   46.089   1120   -9999.0000   -9999.0000    3.2   0.4 -9999.0000   -9999.0000   -9999.0000   -9999.0000   -9999.0000   -9999.0000   -9999.0000   -9999.0000   -9999.0000   -9999.0000   -9999.0000   -9999.0000    -1   -1   -1   -1   -1   -1   -1   -1   -1   -1   -1   -1   -1   -1   -1   -1   -1   -1   -1   -1
6.848   45.916   1125   -9999.0000   -9999.0000    4.2   0.3 -9999.0000   -9999.0000   -9999.0000   -9999.0000   -9999.0000   -9999.0000   -9999.0000   -9999.0000   -9999.0000   -9999.0000   -9999.0000   -9999.0000    -1   -1   -1   -1   -1   -1   -1   -1   -1   -1   -1   -1   -1   -1   -1   -1   -1   -1   -1   -1
7.259   46.060   1140   -9999.0000   -9999.0000   11.3   2.1 -9999.0000   -9999.0000   -9999.0000   -9999.0000   -9999.0000   -9999.0000   -9999.0000   -9999.0000   -9999.0000   -9999.0000   -9999.0000   -9999.0000    -1   -1   -1   -1   -1   -1   -1   -1   -1   -1   -1   -1   -1   -1   -1   -1   -1   -1   -1   -1
7.277   46.046   1280   -9999.0000   -9999.0000   10.8   4.0 -9999.0000   -9999.0000   -9999.0000   -9999.0000   -9999.0000   -9999.0000   -9999.0000   -9999.0000   -9999.0000   -9999.0000   -9999.0000   -9999.0000    -1   -1   -1   -1   -1   -1   -1   -1   -1   -1   -1   -1   -1   -1   -1   -1   -1   -1   -1   -1
6.862   45.902   1340   -9999.0000   -9999.0000    3.4   0.2 -9999.0000   -9999.0000   -9999.0000   -9999.0000   -9999.0000   -9999.0000   -9999.0000   -9999.0000   -9999.0000   -9999.0000   -9999.0000   -9999.0000    -1   -1   -1   -1   -1   -1   -1   -1   -1   -1   -1   -1   -1   -1   -1   -1   -1   -1   -1   -1
6.973   45.803   1390   -9999.0000   -9999.0000    2.1   0.2 -9999.0000   -9999.0000   -9999.0000   -9999.0000   -9999.0000   -9999.0000   -9999.0000   -9999.0000   -9999.0000   -9999.0000   -9999.0000   -9999.0000    -1   -1   -1   -1   -1   -1   -1   -1   -1   -1   -1   -1   -1   -1   -1   -1   -1   -1   -1   -1
7.122   46.097   1400   -9999.0000   -9999.0000    1.8   0.2 -9999.0000   -9999.0000   -9999.0000   -9999.0000   -9999.0000   -9999.0000   -9999.0000   -9999.0000   -9999.0000   -9999.0000   -9999.0000   -9999.0000    -1   -1   -1   -1   -1   -1   -1   -1   -1   -1   -1   -1   -1   -1   -1   -1   -1   -1   -1   -1
7.228   46.088   1400   -9999.0000   -9999.0000    6.1   0.7 -9999.0000   -9999.0000   -9999.0000   -9999.0000   -9999.0000   -9999.0000   -9999.0000   -9999.0000   -9999.0000   -9999.0000   -9999.0000   -9999.0000    -1   -1   -1   -1   -1   -1   -1   -1   -1   -1   -1   -1   -1   -1   -1   -1   -1   -1   -1   -1
7.295   46.033   1540   -9999.0000   -9999.0000   13.3   6.0 -9999.0000   -9999.0000   -9999.0000   -9999.0000   -9999.0000   -9999.0000   -9999.0000   -9999.0000   -9999.0000   -9999.0000   -9999.0000   -9999.0000    -1   -1   -1   -1   -1   -1   -1   -1   -1   -1   -1   -1   -1   -1   -1   -1   -1   -1   -1   -1
6.618   45.697   1620   -9999.0000   -9999.0000    2.2   0.2 -9999.0000   -9999.0000   -9999.0000   -9999.0000   -9999.0000   -9999.0000   -9999.0000   -9999.0000   -9999.0000   -9999.0000   -9999.0000   -9999.0000    -1   -1   -1   -1   -1   -1   -1   -1   -1   -1   -1   -1   -1   -1   -1   -1   -1   -1   -1   -1
6.626   45.694   1740   -9999.0000   -9999.0000    2.6   0.3 -9999.0000   -9999.0000   -9999.0000   -9999.0000   -9999.0000   -9999.0000   -9999.0000   -9999.0000   -9999.0000   -9999.0000   -9999.0000   -9999.0000    -1   -1   -1   -1   -1   -1   -1   -1   -1   -1   -1   -1   -1   -1   -1   -1   -1   -1   -1   -1
7.023   46.200    410   -9999.0000   -9999.0000    3.7   0.4 -9999.0000   -9999.0000   -9999.0000   -9999.0000   -9999.0000   -9999.0000   -9999.0000   -9999.0000   -9999.0000   -9999.0000   -9999.0000   -9999.0000    -1   -1   -1   -1   -1   -1   -1   -1   -1   -1   -1   -1   -1   -1   -1   -1   -1   -1   -1   -1
7.030   46.155    460   -9999.0000   -9999.0000    3.5   0.4 -9999.0000   -9999.0000   -9999.0000   -9999.0000   -9999.0000   -9999.0000   -9999.0000   -9999.0000   -9999.0000   -9999.0000   -9999.0000   -9999.0000    -1   -1   -1   -1   -1   -1   -1   -1   -1   -1   -1   -1   -1   -1   -1   -1   -1   -1   -1   -1
7.165   46.143    460   -9999.0000   -9999.0000    2.4   0.3 -9999.0000   -9999.0000   -9999.0000   -9999.0000   -9999.0000   -9999.0000   -9999.0000   -9999.0000   -9999.0000   -9999.0000   -9999.0000   -9999.0000    -1   -1   -1   -1   -1   -1   -1   -1   -1   -1   -1   -1   -1   -1   -1   -1   -1   -1   -1   -1
7.069   46.107    650   -9999.0000   -9999.0000    3.9   0.6 -9999.0000   -9999.0000   -9999.0000   -9999.0000   -9999.0000   -9999.0000   -9999.0000   -9999.0000   -9999.0000   -9999.0000   -9999.0000   -9999.0000    -1   -1   -1   -1   -1   -1   -1   -1   -1   -1   -1   -1   -1   -1   -1   -1   -1   -1   -1   -1
7.549   46.279    700   -9999.0000   -9999.0000   13.4   1.5 -9999.0000   -9999.0000   -9999.0000   -9999.0000   -9999.0000   -9999.0000   -9999.0000   -9999.0000   -9999.0000   -9999.0000   -9999.0000   -9999.0000    -1   -1   -1   -1   -1   -1   -1   -1   -1   -1   -1   -1   -1   -1   -1   -1   -1   -1   -1   -1
7.231   46.075   1080   -9999.0000   -9999.0000    6.6   0.8 -9999.0000   -9999.0000   -9999.0000   -9999.0000   -9999.0000   -9999.0000   -9999.0000   -9999.0000   -9999.0000   -9999.0000   -9999.0000   -9999.0000    -1   -1   -1   -1   -1   -1   -1   -1   -1   -1   -1   -1   -1   -1   -1   -1   -1   -1   -1   -1
7.255   46.247   1190   -9999.0000   -9999.0000    5.3   1.0 -9999.0000   -9999.0000   -9999.0000   -9999.0000   -9999.0000   -9999.0000   -9999.0000   -9999.0000   -9999.0000   -9999.0000   -9999.0000   -9999.0000    -1   -1   -1   -1   -1   -1   -1   -1   -1   -1   -1   -1   -1   -1   -1   -1   -1   -1   -1   -1
7.033   45.750   1440   -9999.0000   -9999.0000   12.6   3.0 -9999.0000   -9999.0000   -9999.0000   -9999.0000   -9999.0000   -9999.0000   -9999.0000   -9999.0000   -9999.0000   -9999.0000   -9999.0000   -9999.0000    -1   -1   -1   -1   -1   -1   -1   -1   -1   -1   -1   -1   -1   -1   -1   -1   -1   -1   -1   -1
7.089   45.983   1557   -9999.0000   -9999.0000    4.8   0.7 -9999.0000   -9999.0000   -9999.0000   -9999.0000   -9999.0000   -9999.0000   -9999.0000   -9999.0000   -9999.0000   -9999.0000   -9999.0000   -9999.0000    -1   -1   -1   -1   -1   -1   -1   -1   -1   -1   -1   -1   -1   -1   -1   -1   -1   -1   -1   -1
7.560   46.162   1990   -9999.0000   -9999.0000    9.8   2.3 -9999.0000   -9999.0000   -9999.0000   -9999.0000   -9999.0000   -9999.0000   -9999.0000   -9999.0000   -9999.0000   -9999.0000   -9999.0000   -9999.0000    -1   -1   -1   -1   -1   -1   -1   -1   -1   -1   -1   -1   -1   -1   -1   -1   -1   -1   -1   -1
7.274   46.128   2540   -9999.0000   -9999.0000   10.1   1.5 -9999.0000   -9999.0000   -9999.0000   -9999.0000   -9999.0000   -9999.0000   -9999.0000   -9999.0000   -9999.0000   -9999.0000   -9999.0000   -9999.0000    -1   -1   -1   -1   -1   -1   -1   -1   -1   -1   -1   -1   -1   -1   -1   -1   -1   -1   -1   -1
7.034   46.013   2690   -9999.0000   -9999.0000    5.6   0.9 -9999.0000   -9999.0000   -9999.0000   -9999.0000   -9999.0000   -9999.0000   -9999.0000   -9999.0000   -9999.0000   -9999.0000   -9999.0000   -9999.0000    -1   -1   -1   -1   -1   -1   -1   -1   -1   -1   -1   -1   -1   -1   -1   -1   -1   -1   -1   -1
6.986   45.944   2690   -9999.0000   -9999.0000    5.7   0.5 -9999.0000   -9999.0000   -9999.0000   -9999.0000   -9999.0000   -9999.0000   -9999.0000   -9999.0000   -9999.0000   -9999.0000   -9999.0000   -9999.0000    -1   -1   -1   -1   -1   -1   -1   -1   -1   -1   -1   -1   -1   -1   -1   -1   -1   -1   -1   -1
7.487   46.371   2927   -9999.0000   -9999.0000    5.6   0.7 -9999.0000   -9999.0000   -9999.0000   -9999.0000   -9999.0000   -9999.0000   -9999.0000   -9999.0000   -9999.0000   -9999.0000   -9999.0000   -9999.0000    -1   -1   -1   -1   -1   -1   -1   -1   -1   -1   -1   -1   -1   -1   -1   -1   -1   -1   -1   -1
7.012   45.989   3290   -9999.0000   -9999.0000    9.3   2.0 -9999.0000   -9999.0000   -9999.0000   -9999.0000   -9999.0000   -9999.0000   -9999.0000   -9999.0000   -9999.0000   -9999.0000   -9999.0000   -9999.0000    -1   -1   -1   -1   -1   -1   -1   -1   -1   -1   -1   -1   -1   -1   -1   -1   -1   -1   -1   -1
7.017   45.985    520   -9999.0000   -9999.0000    6.7   1.2 -9999.0000   -9999.0000   -9999.0000   -9999.0000   -9999.0000   -9999.0000   -9999.0000   -9999.0000   -9999.0000   -9999.0000   -9999.0000   -9999.0000    -1   -1   -1   -1   -1   -1   -1   -1   -1   -1   -1   -1   -1   -1   -1   -1   -1   -1   -1   -1
7.431   45.154    600   -9999.0000   -9999.0000   -9999.0000   -9999.0000   -9999.0000   -9999.0000   95.0   7.0   -9999.0000   -9999.0000   -9999.0000   -9999.0000   -9999.0000   -9999.0000   -9999.0000   -9999.0000   -1   -1   -1   -1   -1   -1   -1   -1   -1   -1   -1   -1   -1   -1   -1   -1   -1   -1   -1   -1
7.441   45.171    600   -9999.0000   -9999.0000   -9999.0000   -9999.0000   -9999.0000   -9999.0000   90.0   4.0   -9999.0000   -9999.0000   -9999.0000   -9999.0000   -9999.0000   -9999.0000   -9999.0000   -9999.0000   -1   -1   -1   -1   -1   -1   -1   -1   -1   -1   -1   -1   -1   -1   -1   -1   -1   -1   -1   -1
6.874   45.888   3842   -9999.0000   -9999.0000   -9999.0000   -9999.0000   -9999.0000   -9999.0000   26.9   2.7   -9999.0000   -9999.0000   -9999.0000   -9999.0000   -9999.0000   -9999.0000   -9999.0000   -9999.0000   -1   -1   -1   -1   -1   -1   -1   -1   -1   -1   -1   -1   -1   -1   -1   -1   -1   -1   -1   -1
6.414   45.259    813   -9999.0000   -9999.0000   -9999.0000   -9999.0000   -9999.0000   -9999.0000   65.0   4.0   -9999.0000   -9999.0000   -9999.0000   -9999.0000   -9999.0000   -9999.0000   -9999.0000   -9999.0000   -1   -1   -1   -1   -1   -1   -1   -1   -1   -1   -1   -1   -1   -1   -1   -1   -1   -1   -1   -1
6.539   45.473    962   -9999.0000   -9999.0000   -9999.0000   -9999.0000   -9999.0000   -9999.0000   16.6   1.6   -9999.0000   -9999.0000   -9999.0000   -9999.0000   -9999.0000   -9999.0000   -9999.0000   -9999.0000   -1   -1   -1   -1   -1   -1   -1   -1   -1   -1   -1   -1   -1   -1   -1   -1   -1   -1   -1   -1
6.539   45.473    962   -9999.0000   -9999.0000   -9999.0000   -9999.0000   -9999.0000   -9999.0000   14.6   1.5   -9999.0000   -9999.0000   -9999.0000   -9999.0000   -9999.0000   -9999.0000   -9999.0000   -9999.0000   -1   -1   -1   -1   -1   -1   -1   -1   -1   -1   -1   -1   -1   -1   -1   -1   -1   -1   -1   -1
6.539   45.473    962   -9999.0000   -9999.0000   -9999.0000   -9999.0000   -9999.0000   -9999.0000   15.0   1.5   -9999.0000   -9999.0000   -9999.0000   -9999.0000   -9999.0000   -9999.0000   -9999.0000   -9999.0000   -1   -1   -1   -1   -1   -1   -1   -1   -1   -1   -1   -1   -1   -1   -1   -1   -1   -1   -1   -1
6.539   45.473    962   -9999.0000   -9999.0000   -9999.0000   -9999.0000   -9999.0000   -9999.0000   16.1   1.6   -9999.0000   -9999.0000   -9999.0000   -9999.0000   -9999.0000   -9999.0000   -9999.0000   -9999.0000   -1   -1   -1   -1   -1   -1   -1   -1   -1   -1   -1   -1   -1   -1   -1   -1   -1   -1   -1   -1
6.401   45.239   1080   -9999.0000   -9999.0000   -9999.0000   -9999.0000   -9999.0000   -9999.0000   54.0   4.0   -9999.0000   -9999.0000   -9999.0000   -9999.0000   -9999.0000   -9999.0000   -9999.0000   -9999.0000   -1   -1   -1   -1   -1   -1   -1   -1   -1   -1   -1   -1   -1   -1   -1   -1   -1   -1   -1   -1
6.775   45.590   1240   -9999.0000   -9999.0000   -9999.0000   -9999.0000   -9999.0000   -9999.0000   19.0   1.9   -9999.0000   -9999.0000   -9999.0000   -9999.0000   -9999.0000   -9999.0000   -9999.0000   -9999.0000   -1   -1   -1   -1   -1   -1   -1   -1   -1   -1   -1   -1   -1   -1   -1   -1   -1   -1   -1   -1
6.502   45.368   1330   -9999.0000   -9999.0000   -9999.0000   -9999.0000   -9999.0000   -9999.0000   80.0   18.0   -9999.0000   -9999.0000   -9999.0000   -9999.0000   -9999.0000   -9999.0000   -9999.0000   -9999.0000   -1   -1   -1   -1   -1   -1   -1   -1   -1   -1   -1   -1   -1   -1   -1   -1   -1   -1   -1   -1
6.775   45.662   1337   -9999.0000   -9999.0000   -9999.0000   -9999.0000   -9999.0000   -9999.0000   14.6   1.5   -9999.0000   -9999.0000   -9999.0000   -9999.0000   -9999.0000   -9999.0000   -9999.0000   -9999.0000   -1   -1   -1   -1   -1   -1   -1   -1   -1   -1   -1   -1   -1   -1   -1   -1   -1   -1   -1   -1
6.783   45.590   1473   -9999.0000   -9999.0000   -9999.0000   -9999.0000   -9999.0000   -9999.0000   23.0   2.3   -9999.0000   -9999.0000   -9999.0000   -9999.0000   -9999.0000   -9999.0000   -9999.0000   -9999.0000   -1   -1   -1   -1   -1   -1   -1   -1   -1   -1   -1   -1   -1   -1   -1   -1   -1   -1   -1   -1
6.428   45.211   1490   -9999.0000   -9999.0000   -9999.0000   -9999.0000   -9999.0000   -9999.0000   78.0   11.0   -9999.0000   -9999.0000   -9999.0000   -9999.0000   -9999.0000   -9999.0000   -9999.0000   -9999.0000   -1   -1   -1   -1   -1   -1   -1   -1   -1   -1   -1   -1   -1   -1   -1   -1   -1   -1   -1   -1
6.407   45.231   1507   -9999.0000   -9999.0000   -9999.0000   -9999.0000   -9999.0000   -9999.0000   70.0   7.0   -9999.0000   -9999.0000   -9999.0000   -9999.0000   -9999.0000   -9999.0000   -9999.0000   -9999.0000   -1   -1   -1   -1   -1   -1   -1   -1   -1   -1   -1   -1   -1   -1   -1   -1   -1   -1   -1   -1
6.415   45.222   1646   -9999.0000   -9999.0000   -9999.0000   -9999.0000   -9999.0000   -9999.0000   23.0   1.0   -9999.0000   -9999.0000   -9999.0000   -9999.0000   -9999.0000   -9999.0000   -9999.0000   -9999.0000   -1   -1   -1   -1   -1   -1   -1   -1   -1   -1   -1   -1   -1   -1   -1   -1   -1   -1   -1   -1
6.790   45.589   1664   -9999.0000   -9999.0000   -9999.0000   -9999.0000   -9999.0000   -9999.0000   23.0   2.3   -9999.0000   -9999.0000   -9999.0000   -9999.0000   -9999.0000   -9999.0000   -9999.0000   -9999.0000   -1   -1   -1   -1   -1   -1   -1   -1   -1   -1   -1   -1   -1   -1   -1   -1   -1   -1   -1   -1
6.490   45.350   2050   -9999.0000   -9999.0000   -9999.0000   -9999.0000   -9999.0000   -9999.0000   92.0   6.0   -9999.0000   -9999.0000   -9999.0000   -9999.0000   -9999.0000   -9999.0000   -9999.0000   -9999.0000   -1   -1   -1   -1   -1   -1   -1   -1   -1   -1   -1   -1   -1   -1   -1   -1   -1   -1   -1   -1
6.492   45.359   2080   -9999.0000   -9999.0000   -9999.0000   -9999.0000   -9999.0000   -9999.0000   70.0   7.0   -9999.0000   -9999.0000   -9999.0000   -9999.0000   -9999.0000   -9999.0000   -9999.0000   -9999.0000   -1   -1   -1   -1   -1   -1   -1   -1   -1   -1   -1   -1   -1   -1   -1   -1   -1   -1   -1   -1
6.872   45.702   2154   -9999.0000   -9999.0000   -9999.0000   -9999.0000   -9999.0000   -9999.0000   16.9   1.7   -9999.0000   -9999.0000   -9999.0000   -9999.0000   -9999.0000   -9999.0000   -9999.0000   -9999.0000   -1   -1   -1   -1   -1   -1   -1   -1   -1   -1   -1   -1   -1   -1   -1   -1   -1   -1   -1   -1
6.866   45.699   2309   -9999.0000   -9999.0000   -9999.0000   -9999.0000   -9999.0000   -9999.0000   15.1   1.5   -9999.0000   -9999.0000   -9999.0000   -9999.0000   -9999.0000   -9999.0000   -9999.0000   -9999.0000   -1   -1   -1   -1   -1   -1   -1   -1   -1   -1   -1   -1   -1   -1   -1   -1   -1   -1   -1   -1
6.491   45.282   2420   -9999.0000   -9999.0000   -9999.0000   -9999.0000   -9999.0000   -9999.0000   89.0   8.0   -9999.0000   -9999.0000   -9999.0000   -9999.0000   -9999.0000   -9999.0000   -9999.0000   -9999.0000   -1   -1   -1   -1   -1   -1   -1   -1   -1   -1   -1   -1   -1   -1   -1   -1   -1   -1   -1   -1
6.355   45.297    512   -9999.0000   -9999.0000   -9999.0000   -9999.0000   -9999.0000   -9999.0000   11.0   1.1   -9999.0000   -9999.0000   -9999.0000   -9999.0000   -9999.0000   -9999.0000   -9999.0000   -9999.0000   -1   -1   -1   -1   -1   -1   -1   -1   -1   -1   -1   -1   -1   -1   -1   -1   -1   -1   -1   -1
6.496   45.522    560   -9999.0000   -9999.0000   -9999.0000   -9999.0000   -9999.0000   -9999.0000    7.6   1.0   -9999.0000   -9999.0000   -9999.0000   -9999.0000   -9999.0000   -9999.0000   -9999.0000   -9999.0000   -1   -1   -1   -1   -1   -1   -1   -1   -1   -1   -1   -1   -1   -1   -1   -1   -1   -1   -1   -1
6.494   45.529    599   -9999.0000   -9999.0000   -9999.0000   -9999.0000   -9999.0000   -9999.0000    8.9   1.0   -9999.0000   -9999.0000   -9999.0000   -9999.0000   -9999.0000   -9999.0000   -9999.0000   -9999.0000   -1   -1   -1   -1   -1   -1   -1   -1   -1   -1   -1   -1   -1   -1   -1   -1   -1   -1   -1   -1
6.520   45.455    685   -9999.0000   -9999.0000   -9999.0000   -9999.0000   -9999.0000   -9999.0000   12.1   1.0   -9999.0000   -9999.0000   -9999.0000   -9999.0000   -9999.0000   -9999.0000   -9999.0000   -9999.0000   -1   -1   -1   -1   -1   -1   -1   -1   -1   -1   -1   -1   -1   -1   -1   -1   -1   -1   -1   -1
6.639   45.441    862   -9999.0000   -9999.0000   -9999.0000   -9999.0000   -9999.0000   -9999.0000   20.0   2.0   -9999.0000   -9999.0000   -9999.0000   -9999.0000   -9999.0000   -9999.0000   -9999.0000   -9999.0000   -1   -1   -1   -1   -1   -1   -1   -1   -1   -1   -1   -1   -1   -1   -1   -1   -1   -1   -1   -1
6.576   45.496    898   -9999.0000   -9999.0000   -9999.0000   -9999.0000   -9999.0000   -9999.0000   14.6   1.5   -9999.0000   -9999.0000   -9999.0000   -9999.0000   -9999.0000   -9999.0000   -9999.0000   -9999.0000   -1   -1   -1   -1   -1   -1   -1   -1   -1   -1   -1   -1   -1   -1   -1   -1   -1   -1   -1   -1
6.322   45.312    916   -9999.0000   -9999.0000   -9999.0000   -9999.0000   -9999.0000   -9999.0000   13.0   1.3   -9999.0000   -9999.0000   -9999.0000   -9999.0000   -9999.0000   -9999.0000   -9999.0000   -9999.0000   -1   -1   -1   -1   -1   -1   -1   -1   -1   -1   -1   -1   -1   -1   -1   -1   -1   -1   -1   -1
6.622   45.442    924   -9999.0000   -9999.0000   -9999.0000   -9999.0000   -9999.0000   -9999.0000   28.0   0.3   -9999.0000   -9999.0000   -9999.0000   -9999.0000   -9999.0000   -9999.0000   -9999.0000   -9999.0000   -1   -1   -1   -1   -1   -1   -1   -1   -1   -1   -1   -1   -1   -1   -1   -1   -1   -1   -1   -1
6.602   45.450    945   -9999.0000   -9999.0000   -9999.0000   -9999.0000   -9999.0000   -9999.0000   50.0   5.0   -9999.0000   -9999.0000   -9999.0000   -9999.0000   -9999.0000   -9999.0000   -9999.0000   -9999.0000   -1   -1   -1   -1   -1   -1   -1   -1   -1   -1   -1   -1   -1   -1   -1   -1   -1   -1   -1   -1
6.467   45.207    973   -9999.0000   -9999.0000   -9999.0000   -9999.0000   -9999.0000   -9999.0000   98.0   8.0   -9999.0000   -9999.0000   -9999.0000   -9999.0000   -9999.0000   -9999.0000   -9999.0000   -9999.0000   -1   -1   -1   -1   -1   -1   -1   -1   -1   -1   -1   -1   -1   -1   -1   -1   -1   -1   -1   -1
6.752   45.610   1042   -9999.0000   -9999.0000   -9999.0000   -9999.0000   -9999.0000   -9999.0000   19.3   2.0   -9999.0000   -9999.0000   -9999.0000   -9999.0000   -9999.0000   -9999.0000   -9999.0000   -9999.0000   -1   -1   -1   -1   -1   -1   -1   -1   -1   -1   -1   -1   -1   -1   -1   -1   -1   -1   -1   -1
6.590   45.504   1257   -9999.0000   -9999.0000   -9999.0000   -9999.0000   -9999.0000   -9999.0000   13.8   1.5   -9999.0000   -9999.0000   -9999.0000   -9999.0000   -9999.0000   -9999.0000   -9999.0000   -9999.0000   -1   -1   -1   -1   -1   -1   -1   -1   -1   -1   -1   -1   -1   -1   -1   -1   -1   -1   -1   -1
6.388   45.280   1353   -9999.0000   -9999.0000   -9999.0000   -9999.0000   -9999.0000   -9999.0000   20.0   1.0   -9999.0000   -9999.0000   -9999.0000   -9999.0000   -9999.0000   -9999.0000   -9999.0000   -9999.0000   -1   -1   -1   -1   -1   -1   -1   -1   -1   -1   -1   -1   -1   -1   -1   -1   -1   -1   -1   -1
6.739   45.610   1360   -9999.0000   -9999.0000   -9999.0000   -9999.0000   -9999.0000   -9999.0000   17.2   1.7   -9999.0000   -9999.0000   -9999.0000   -9999.0000   -9999.0000   -9999.0000   -9999.0000   -9999.0000   -1   -1   -1   -1   -1   -1   -1   -1   -1   -1   -1   -1   -1   -1   -1   -1   -1   -1   -1   -1
6.467   45.195   1404   -9999.0000   -9999.0000   -9999.0000   -9999.0000   -9999.0000   -9999.0000   90.0   21.0   -9999.0000   -9999.0000   -9999.0000   -9999.0000   -9999.0000   -9999.0000   -9999.0000   -9999.0000   -1   -1   -1   -1   -1   -1   -1   -1   -1   -1   -1   -1   -1   -1   -1   -1   -1   -1   -1   -1
6.330   45.299   1461   -9999.0000   -9999.0000   -9999.0000   -9999.0000   -9999.0000   -9999.0000   15.0   1.5   -9999.0000   -9999.0000   -9999.0000   -9999.0000   -9999.0000   -9999.0000   -9999.0000   -9999.0000   -1   -1   -1   -1   -1   -1   -1   -1   -1   -1   -1   -1   -1   -1   -1   -1   -1   -1   -1   -1
6.316   45.305   1598   -9999.0000   -9999.0000   -9999.0000   -9999.0000   -9999.0000   -9999.0000   10.0   1.0   -9999.0000   -9999.0000   -9999.0000   -9999.0000   -9999.0000   -9999.0000   -9999.0000   -9999.0000   -1   -1   -1   -1   -1   -1   -1   -1   -1   -1   -1   -1   -1   -1   -1   -1   -1   -1   -1   -1
6.626   45.606   1804   -9999.0000   -9999.0000   -9999.0000   -9999.0000   -9999.0000   -9999.0000   32.0   2.0   -9999.0000   -9999.0000   -9999.0000   -9999.0000   -9999.0000   -9999.0000   -9999.0000   -9999.0000   -1   -1   -1   -1   -1   -1   -1   -1   -1   -1   -1   -1   -1   -1   -1   -1   -1   -1   -1   -1
6.762   45.721   1812   -9999.0000   -9999.0000   -9999.0000   -9999.0000   -9999.0000   -9999.0000   10.3   1.0   -9999.0000   -9999.0000   -9999.0000   -9999.0000   -9999.0000   -9999.0000   -9999.0000   -9999.0000   -1   -1   -1   -1   -1   -1   -1   -1   -1   -1   -1   -1   -1   -1   -1   -1   -1   -1   -1   -1
6.458   45.186   1860   -9999.0000   -9999.0000   -9999.0000   -9999.0000   -9999.0000   -9999.0000   74.0   4.0   -9999.0000   -9999.0000   -9999.0000   -9999.0000   -9999.0000   -9999.0000   -9999.0000   -9999.0000   -1   -1   -1   -1   -1   -1   -1   -1   -1   -1   -1   -1   -1   -1   -1   -1   -1   -1   -1   -1
6.694   45.685   2083   -9999.0000   -9999.0000   -9999.0000   -9999.0000   -9999.0000   -9999.0000   10.2   1.0   -9999.0000   -9999.0000   -9999.0000   -9999.0000   -9999.0000   -9999.0000   -9999.0000   -9999.0000   -1   -1   -1   -1   -1   -1   -1   -1   -1   -1   -1   -1   -1   -1   -1   -1   -1   -1   -1   -1
6.879   45.678   2170   -9999.0000   -9999.0000   -9999.0000   -9999.0000   -9999.0000   -9999.0000   14.4   1.5   -9999.0000   -9999.0000   -9999.0000   -9999.0000   -9999.0000   -9999.0000   -9999.0000   -9999.0000   -1   -1   -1   -1   -1   -1   -1   -1   -1   -1   -1   -1   -1   -1   -1   -1   -1   -1   -1   -1
6.420   45.349   2251   -9999.0000   -9999.0000   -9999.0000   -9999.0000   -9999.0000   -9999.0000   11.3   1.1   -9999.0000   -9999.0000   -9999.0000   -9999.0000   -9999.0000   -9999.0000   -9999.0000   -9999.0000   -1   -1   -1   -1   -1   -1   -1   -1   -1   -1   -1   -1   -1   -1   -1   -1   -1   -1   -1   -1
6.888   45.672   2341   -9999.0000   -9999.0000   -9999.0000   -9999.0000   -9999.0000   -9999.0000   20.0   2.0   -9999.0000   -9999.0000   -9999.0000   -9999.0000   -9999.0000   -9999.0000   -9999.0000   -9999.0000   -1   -1   -1   -1   -1   -1   -1   -1   -1   -1   -1   -1   -1   -1   -1   -1   -1   -1   -1   -1
6.866   45.704   2366   -9999.0000   -9999.0000   -9999.0000   -9999.0000   -9999.0000   -9999.0000   15.1   1.5   -9999.0000   -9999.0000   -9999.0000   -9999.0000   -9999.0000   -9999.0000   -9999.0000   -9999.0000   -1   -1   -1   -1   -1   -1   -1   -1   -1   -1   -1   -1   -1   -1   -1   -1   -1   -1   -1   -1
6.689   45.676   2411   -9999.0000   -9999.0000   -9999.0000   -9999.0000   -9999.0000   -9999.0000   12.1   1.2   -9999.0000   -9999.0000   -9999.0000   -9999.0000   -9999.0000   -9999.0000   -9999.0000   -9999.0000   -1   -1   -1   -1   -1   -1   -1   -1   -1   -1   -1   -1   -1   -1   -1   -1   -1   -1   -1   -1
6.825   45.768   2474   -9999.0000   -9999.0000   -9999.0000   -9999.0000   -9999.0000   -9999.0000   16.0   1.6   -9999.0000   -9999.0000   -9999.0000   -9999.0000   -9999.0000   -9999.0000   -9999.0000   -9999.0000   -1   -1   -1   -1   -1   -1   -1   -1   -1   -1   -1   -1   -1   -1   -1   -1   -1   -1   -1   -1
6.679   45.668   2605   -9999.0000   -9999.0000   -9999.0000   -9999.0000   -9999.0000   -9999.0000    9.1   1.0   -9999.0000   -9999.0000   -9999.0000   -9999.0000   -9999.0000   -9999.0000   -9999.0000   -9999.0000   -1   -1   -1   -1   -1   -1   -1   -1   -1   -1   -1   -1   -1   -1   -1   -1   -1   -1   -1   -1
6.905   45.677   2611   -9999.0000   -9999.0000   -9999.0000   -9999.0000   -9999.0000   -9999.0000   21.0   2.0   -9999.0000   -9999.0000   -9999.0000   -9999.0000   -9999.0000   -9999.0000   -9999.0000   -9999.0000   -1   -1   -1   -1   -1   -1   -1   -1   -1   -1   -1   -1   -1   -1   -1   -1   -1   -1   -1   -1
6.903   45.681   2613   -9999.0000   -9999.0000   -9999.0000   -9999.0000   -9999.0000   -9999.0000   23.0   2.3   -9999.0000   -9999.0000   -9999.0000   -9999.0000   -9999.0000   -9999.0000   -9999.0000   -9999.0000   -1   -1   -1   -1   -1   -1   -1   -1   -1   -1   -1   -1   -1   -1   -1   -1   -1   -1   -1   -1
6.879   45.887   2266   -9999.0000   -9999.0000   -9999.0000   -9999.0000   -9999.0000   -9999.0000   14.4   1.1   -9999.0000   -9999.0000   -9999.0000   -9999.0000   -9999.0000   -9999.0000   -9999.0000   -9999.0000   -1   -1   -1   -1   -1   -1   -1   -1   -1   -1   -1   -1   -1   -1   -1   -1   -1   -1   -1   -1
6.872   45.890   1978   -9999.0000   -9999.0000   -9999.0000   -9999.0000   -9999.0000   -9999.0000   12.6   0.7   -9999.0000   -9999.0000   -9999.0000   -9999.0000   -9999.0000   -9999.0000   -9999.0000   -9999.0000   -1   -1   -1   -1   -1   -1   -1   -1   -1   -1   -1   -1   -1   -1   -1   -1   -1   -1   -1   -1
6.869   45.893   1664   -9999.0000   -9999.0000   -9999.0000   -9999.0000   -9999.0000   -9999.0000   13.8   0.9   -9999.0000   -9999.0000   -9999.0000   -9999.0000   -9999.0000   -9999.0000   -9999.0000   -9999.0000   -1   -1   -1   -1   -1   -1   -1   -1   -1   -1   -1   -1   -1   -1   -1   -1   -1   -1   -1   -1
6.865   45.896   1277   -9999.0000   -9999.0000   -9999.0000   -9999.0000   -9999.0000   -9999.0000   12.9   0.9   -9999.0000   -9999.0000   -9999.0000   -9999.0000   -9999.0000   -9999.0000   -9999.0000   -9999.0000   -1   -1   -1   -1   -1   -1   -1   -1   -1   -1   -1   -1   -1   -1   -1   -1   -1   -1   -1   -1
6.858   45.900   3416   -9999.0000   -9999.0000   -9999.0000   -9999.0000   -9999.0000   -9999.0000   11.7   0.8   -9999.0000   -9999.0000   -9999.0000   -9999.0000   -9999.0000   -9999.0000   -9999.0000   -9999.0000   -1   -1   -1   -1   -1   -1   -1   -1   -1   -1   -1   -1   -1   -1   -1   -1   -1   -1   -1   -1
6.902   45.869   3213   -9999.0000   -9999.0000   -9999.0000   -9999.0000   -9999.0000   -9999.0000   14.5   0.9   -9999.0000   -9999.0000   -9999.0000   -9999.0000   -9999.0000   -9999.0000   -9999.0000   -9999.0000   -1   -1   -1   -1   -1   -1   -1   -1   -1   -1   -1   -1   -1   -1   -1   -1   -1   -1   -1   -1
6.907   45.857   3403   -9999.0000   -9999.0000   -9999.0000   -9999.0000   -9999.0000   -9999.0000   14.9   0.8   -9999.0000   -9999.0000   -9999.0000   -9999.0000   -9999.0000   -9999.0000   -9999.0000   -9999.0000   -1   -1   -1   -1   -1   -1   -1   -1   -1   -1   -1   -1   -1   -1   -1   -1   -1   -1   -1   -1
6.933   45.881   3750   -9999.0000   -9999.0000   -9999.0000   -9999.0000   -9999.0000   -9999.0000   15.3   0.9   -9999.0000   -9999.0000   -9999.0000   -9999.0000   -9999.0000   -9999.0000   -9999.0000   -9999.0000   -1   -1   -1   -1   -1   -1   -1   -1   -1   -1   -1   -1   -1   -1   -1   -1   -1   -1   -1   -1
6.888   45.878   1280   -9999.0000   -9999.0000   -9999.0000   -9999.0000   -9999.0000   -9999.0000   14.2   0.7   -9999.0000   -9999.0000   -9999.0000   -9999.0000   -9999.0000   -9999.0000   -9999.0000   -9999.0000   -1   -1   -1   -1   -1   -1   -1   -1   -1   -1   -1   -1   -1   -1   -1   -1   -1   -1   -1   -1
6.867   45.897   1285   -9999.0000   -9999.0000   -9999.0000   -9999.0000   -9999.0000   -9999.0000   12.5   0.5   -9999.0000   -9999.0000   -9999.0000   -9999.0000   -9999.0000   -9999.0000   -9999.0000   -9999.0000   -1   -1   -1   -1   -1   -1   -1   -1   -1   -1   -1   -1   -1   -1   -1   -1   -1   -1   -1   -1
6.873   45.891   1313   -9999.0000   -9999.0000   -9999.0000   -9999.0000   -9999.0000   -9999.0000   11.5   0.6   -9999.0000   -9999.0000   -9999.0000   -9999.0000   -9999.0000   -9999.0000   -9999.0000   -9999.0000   -1   -1   -1   -1   -1   -1   -1   -1   -1   -1   -1   -1   -1   -1   -1   -1   -1   -1   -1   -1
6.895   45.871   1323   -9999.0000   -9999.0000   -9999.0000   -9999.0000   -9999.0000   -9999.0000   12.3   0.6   -9999.0000   -9999.0000   -9999.0000   -9999.0000   -9999.0000   -9999.0000   -9999.0000   -9999.0000   -1   -1   -1   -1   -1   -1   -1   -1   -1   -1   -1   -1   -1   -1   -1   -1   -1   -1   -1   -1
6.903   45.864   1331   -9999.0000   -9999.0000   -9999.0000   -9999.0000   -9999.0000   -9999.0000   13.5   0.8   -9999.0000   -9999.0000   -9999.0000   -9999.0000   -9999.0000   -9999.0000   -9999.0000   -9999.0000   -1   -1   -1   -1   -1   -1   -1   -1   -1   -1   -1   -1   -1   -1   -1   -1   -1   -1   -1   -1
6.922   45.857   1354   -9999.0000   -9999.0000   -9999.0000   -9999.0000   -9999.0000   -9999.0000   12.2   0.6   -9999.0000   -9999.0000   -9999.0000   -9999.0000   -9999.0000   -9999.0000   -9999.0000   -9999.0000   -1   -1   -1   -1   -1   -1   -1   -1   -1   -1   -1   -1   -1   -1   -1   -1   -1   -1   -1   -1
6.930   45.839     90   -9999.0000   -9999.0000   -9999.0000   -9999.0000   -9999.0000   -9999.0000   11.2   0.6   -9999.0000   -9999.0000   -9999.0000   -9999.0000   -9999.0000   -9999.0000   -9999.0000   -9999.0000   -1   -1   -1   -1   -1   -1   -1   -1   -1   -1   -1   -1   -1   -1   -1   -1   -1   -1   -1   -1
7.373   45.841   1250   -9999.0000   -9999.0000   -9999.0000   -9999.0000   -9999.0000   -9999.0000   30.2   1.9   -9999.0000   -9999.0000   -9999.0000   -9999.0000   -9999.0000   -9999.0000   -9999.0000   -9999.0000   -1   -1   -1   -1   -1   -1   -1   -1   -1   -1   -1   -1   -1   -1   -1   -1   -1   -1   -1   -1
7.033   45.750   1920   -9999.0000   -9999.0000   -9999.0000   -9999.0000   -9999.0000   -9999.0000   25.9   1.9   -9999.0000   -9999.0000   -9999.0000   -9999.0000   -9999.0000   -9999.0000   -9999.0000   -9999.0000   -1   -1   -1   -1   -1   -1   -1   -1   -1   -1   -1   -1   -1   -1   -1   -1   -1   -1   -1   -1
7.519   45.917   2600   -9999.0000   -9999.0000   -9999.0000   -9999.0000   -9999.0000   -9999.0000   30.4   1.8   -9999.0000   -9999.0000   -9999.0000   -9999.0000   -9999.0000   -9999.0000   -9999.0000   -9999.0000   -1   -1   -1   -1   -1   -1   -1   -1   -1   -1   -1   -1   -1   -1   -1   -1   -1   -1   -1   -1
7.431   45.431   1040   -9999.0000   -9999.0000   -9999.0000   -9999.0000   -9999.0000   -9999.0000   30.4   1.8   -9999.0000   -9999.0000   -9999.0000   -9999.0000   -9999.0000   -9999.0000   -9999.0000   -9999.0000   -1   -1   -1   -1   -1   -1   -1   -1   -1   -1   -1   -1   -1   -1   -1   -1   -1   -1   -1   -1
7.338   45.440   1620   -9999.0000   -9999.0000   -9999.0000   -9999.0000   -9999.0000   -9999.0000   30.0   1.8   -9999.0000   -9999.0000   -9999.0000   -9999.0000   -9999.0000   -9999.0000   -9999.0000   -9999.0000   -1   -1   -1   -1   -1   -1   -1   -1   -1   -1   -1   -1   -1   -1   -1   -1   -1   -1   -1   -1
7.213   45.429   1840   -9999.0000   -9999.0000   -9999.0000   -9999.0000   -9999.0000   -9999.0000   30.0   1.7   -9999.0000   -9999.0000   -9999.0000   -9999.0000   -9999.0000   -9999.0000   -9999.0000   -9999.0000   -1   -1   -1   -1   -1   -1   -1   -1   -1   -1   -1   -1   -1   -1   -1   -1   -1   -1   -1   -1
7.178   45.450   2530   -9999.0000   -9999.0000   -9999.0000   -9999.0000   -9999.0000   -9999.0000   29.5   1.6   -9999.0000   -9999.0000   -9999.0000   -9999.0000   -9999.0000   -9999.0000   -9999.0000   -9999.0000   -1   -1   -1   -1   -1   -1   -1   -1   -1   -1   -1   -1   -1   -1   -1   -1   -1   -1   -1   -1
7.225   45.516   3030   -9999.0000   -9999.0000   -9999.0000   -9999.0000   -9999.0000   -9999.0000   31.4   2.0   -9999.0000   -9999.0000   -9999.0000   -9999.0000   -9999.0000   -9999.0000   -9999.0000   -9999.0000   -1   -1   -1   -1   -1   -1   -1   -1   -1   -1   -1   -1   -1   -1   -1   -1   -1   -1   -1   -1
7.243   45.515   3500   -9999.0000   -9999.0000   -9999.0000   -9999.0000   -9999.0000   -9999.0000   28.9   1.5   -9999.0000   -9999.0000   -9999.0000   -9999.0000   -9999.0000   -9999.0000   -9999.0000   -9999.0000   -1   -1   -1   -1   -1   -1   -1   -1   -1   -1   -1   -1   -1   -1   -1   -1   -1   -1   -1   -1
7.267   45.513   4060   -9999.0000   -9999.0000   -9999.0000   -9999.0000   -9999.0000   -9999.0000   31.0   1.9   -9999.0000   -9999.0000   -9999.0000   -9999.0000   -9999.0000   -9999.0000   -9999.0000   -9999.0000   -1   -1   -1   -1   -1   -1   -1   -1   -1   -1   -1   -1   -1   -1   -1   -1   -1   -1   -1   -1
7.292   45.512    520   -9999.0000   -9999.0000   -9999.0000   -9999.0000   -9999.0000   -9999.0000   30.4   1.6   -9999.0000   -9999.0000   -9999.0000   -9999.0000   -9999.0000   -9999.0000   -9999.0000   -9999.0000   -1   -1   -1   -1   -1   -1   -1   -1   -1   -1   -1   -1   -1   -1   -1   -1   -1   -1   -1   -1
7.357   46.219    500   -9999.0000   -9999.0000   -9999.0000   -9999.0000   -9999.0000   -9999.0000   22.9   1.6   -9999.0000   -9999.0000   -9999.0000   -9999.0000   -9999.0000   -9999.0000   -9999.0000   -9999.0000   -1   -1   -1   -1   -1   -1   -1   -1   -1   -1   -1   -1   -1   -1   -1   -1   -1   -1   -1   -1
7.157   46.081    730   -9999.0000   -9999.0000   -9999.0000   -9999.0000   -9999.0000   -9999.0000   13.5   0.9   -9999.0000   -9999.0000   -9999.0000   -9999.0000   -9999.0000   -9999.0000   -9999.0000   -9999.0000   -1   -1   -1   -1   -1   -1   -1   -1   -1   -1   -1   -1   -1   -1   -1   -1   -1   -1   -1   -1
7.074   46.091    760   -9999.0000   -9999.0000   -9999.0000   -9999.0000   -9999.0000   -9999.0000   11.4   1.0   -9999.0000   -9999.0000   -9999.0000   -9999.0000   -9999.0000   -9999.0000   -9999.0000   -9999.0000   -1   -1   -1   -1   -1   -1   -1   -1   -1   -1   -1   -1   -1   -1   -1   -1   -1   -1   -1   -1
6.555   45.712    890   -9999.0000   -9999.0000   -9999.0000   -9999.0000   -9999.0000   -9999.0000   10.6   0.8   -9999.0000   -9999.0000   -9999.0000   -9999.0000   -9999.0000   -9999.0000   -9999.0000   -9999.0000   -1   -1   -1   -1   -1   -1   -1   -1   -1   -1   -1   -1   -1   -1   -1   -1   -1   -1   -1   -1
7.127   46.084   1030   -9999.0000   -9999.0000   -9999.0000   -9999.0000   -9999.0000   -9999.0000   11.2   1.3   -9999.0000   -9999.0000   -9999.0000   -9999.0000   -9999.0000   -9999.0000   -9999.0000   -9999.0000   -1   -1   -1   -1   -1   -1   -1   -1   -1   -1   -1   -1   -1   -1   -1   -1   -1   -1   -1   -1
7.176   46.094   1100   -9999.0000   -9999.0000   -9999.0000   -9999.0000   -9999.0000   -9999.0000   16.3   1.8   -9999.0000   -9999.0000   -9999.0000   -9999.0000   -9999.0000   -9999.0000   -9999.0000   -9999.0000   -1   -1   -1   -1   -1   -1   -1   -1   -1   -1   -1   -1   -1   -1   -1   -1   -1   -1   -1   -1
7.166   46.093   1140   -9999.0000   -9999.0000   -9999.0000   -9999.0000   -9999.0000   -9999.0000   13.4   1.5   -9999.0000   -9999.0000   -9999.0000   -9999.0000   -9999.0000   -9999.0000   -9999.0000   -9999.0000   -1   -1   -1   -1   -1   -1   -1   -1   -1   -1   -1   -1   -1   -1   -1   -1   -1   -1   -1   -1
7.216   46.090   1220   -9999.0000   -9999.0000   -9999.0000   -9999.0000   -9999.0000   -9999.0000   17.7   2.3   -9999.0000   -9999.0000   -9999.0000   -9999.0000   -9999.0000   -9999.0000   -9999.0000   -9999.0000   -1   -1   -1   -1   -1   -1   -1   -1   -1   -1   -1   -1   -1   -1   -1   -1   -1   -1   -1   -1
7.230   46.157   1280   -9999.0000   -9999.0000   -9999.0000   -9999.0000   -9999.0000   -9999.0000   25.9   2.6   -9999.0000   -9999.0000   -9999.0000   -9999.0000   -9999.0000   -9999.0000   -9999.0000   -9999.0000   -1   -1   -1   -1   -1   -1   -1   -1   -1   -1   -1   -1   -1   -1   -1   -1   -1   -1   -1   -1
6.772   45.666   1380   -9999.0000   -9999.0000   -9999.0000   -9999.0000   -9999.0000   -9999.0000   16.9   1.1   -9999.0000   -9999.0000   -9999.0000   -9999.0000   -9999.0000   -9999.0000   -9999.0000   -9999.0000   -1   -1   -1   -1   -1   -1   -1   -1   -1   -1   -1   -1   -1   -1   -1   -1   -1   -1   -1   -1
7.228   46.088   1420   -9999.0000   -9999.0000   -9999.0000   -9999.0000   -9999.0000   -9999.0000   19.7   1.6   -9999.0000   -9999.0000   -9999.0000   -9999.0000   -9999.0000   -9999.0000   -9999.0000   -9999.0000   -1   -1   -1   -1   -1   -1   -1   -1   -1   -1   -1   -1   -1   -1   -1   -1   -1   -1   -1   -1
6.732   45.680   2230   -9999.0000   -9999.0000   -9999.0000   -9999.0000   -9999.0000   -9999.0000   23.0   1.5   -9999.0000   -9999.0000   -9999.0000   -9999.0000   -9999.0000   -9999.0000   -9999.0000   -9999.0000   -1   -1   -1   -1   -1   -1   -1   -1   -1   -1   -1   -1   -1   -1   -1   -1   -1   -1   -1   -1
7.116   45.889    805   -9999.0000   -9999.0000   -9999.0000   -9999.0000   -9999.0000   -9999.0000   17.0   1.6   -9999.0000   -9999.0000   -9999.0000   -9999.0000   -9999.0000   -9999.0000   -9999.0000   -9999.0000   -1   -1   -1   -1   -1   -1   -1   -1   -1   -1   -1   -1   -1   -1   -1   -1   -1   -1   -1   -1
7.030   46.155    465   -9999.0000   -9999.0000   -9999.0000   -9999.0000   -9999.0000   -9999.0000   17.2   1.7   -9999.0000   -9999.0000   -9999.0000   -9999.0000   -9999.0000   -9999.0000   -9999.0000   -9999.0000   -1   -1   -1   -1   -1   -1   -1   -1   -1   -1   -1   -1   -1   -1   -1   -1   -1   -1   -1   -1
7.549   46.279    710   -9999.0000   -9999.0000   -9999.0000   -9999.0000   -9999.0000   -9999.0000   25.6   2.9   -9999.0000   -9999.0000   -9999.0000   -9999.0000   -9999.0000   -9999.0000   -9999.0000   -9999.0000   -1   -1   -1   -1   -1   -1   -1   -1   -1   -1   -1   -1   -1   -1   -1   -1   -1   -1   -1   -1
7.089   45.983   1580   -9999.0000   -9999.0000   -9999.0000   -9999.0000   -9999.0000   -9999.0000   12.2   1.2   -9999.0000   -9999.0000   -9999.0000   -9999.0000   -9999.0000   -9999.0000   -9999.0000   -9999.0000   -1   -1   -1   -1   -1   -1   -1   -1   -1   -1   -1   -1   -1   -1   -1   -1   -1   -1   -1   -1
6.986   45.944   2870   -9999.0000   -9999.0000   -9999.0000   -9999.0000   -9999.0000   -9999.0000   12.3   1.3   -9999.0000   -9999.0000   -9999.0000   -9999.0000   -9999.0000   -9999.0000   -9999.0000   -9999.0000   -1   -1   -1   -1   -1   -1   -1   -1   -1   -1   -1   -1   -1   -1   -1   -1   -1   -1   -1   -1
7.487   46.371   3020   -9999.0000   -9999.0000   -9999.0000   -9999.0000   -9999.0000   -9999.0000   216.0   27.0   -9999.0000   -9999.0000   -9999.0000   -9999.0000   -9999.0000   -9999.0000   -9999.0000   -9999.0000   -1   -1   -1   -1   -1   -1   -1   -1   -1   -1   -1   -1   -1   -1   -1   -1   -1   -1   -1   -1
7.012   45.989   3293   -9999.0000   -9999.0000   -9999.0000   -9999.0000   -9999.0000   -9999.0000   15.7   1.6   -9999.0000   -9999.0000   -9999.0000   -9999.0000   -9999.0000   -9999.0000   -9999.0000   -9999.0000   -1   -1   -1   -1   -1   -1   -1   -1   -1   -1   -1   -1   -1   -1   -1   -1   -1   -1   -1   -1
7.594   45.338    500   -9999.0000   -9999.0000   -9999.0000   -9999.0000   -9999.0000   -9999.0000   136.0   14.0   -9999.0000   -9999.0000   -9999.0000   -9999.0000   -9999.0000   -9999.0000   -9999.0000   -9999.0000   -1   -1   -1   -1   -1   -1   -1   -1   -1   -1   -1   -1   -1   -1   -1   -1   -1   -1   -1   -1
7.533   45.414    574   -9999.0000   -9999.0000   -9999.0000   -9999.0000   -9999.0000   -9999.0000   32.2   3.0   -9999.0000   -9999.0000   -9999.0000   -9999.0000   -9999.0000   -9999.0000   -9999.0000   -9999.0000   -1   -1   -1   -1   -1   -1   -1   -1   -1   -1   -1   -1   -1   -1   -1   -1   -1   -1   -1   -1
7.424   45.170   1000   -9999.0000   -9999.0000   -9999.0000   -9999.0000   -9999.0000   -9999.0000   33.4   3.3   -9999.0000   -9999.0000   -9999.0000   -9999.0000   -9999.0000   -9999.0000   -9999.0000   -9999.0000   -1   -1   -1   -1   -1   -1   -1   -1   -1   -1   -1   -1   -1   -1   -1   -1   -1   -1   -1   -1
6.654   45.190   1000   -9999.0000   -9999.0000   -9999.0000   -9999.0000   -9999.0000   -9999.0000   34.6   3.5   -9999.0000   -9999.0000   -9999.0000   -9999.0000   -9999.0000   -9999.0000   -9999.0000   -9999.0000   -1   -1   -1   -1   -1   -1   -1   -1   -1   -1   -1   -1   -1   -1   -1   -1   -1   -1   -1   -1
7.503   45.504   1100   -9999.0000   -9999.0000   -9999.0000   -9999.0000   -9999.0000   -9999.0000   32.2   3.2   -9999.0000   -9999.0000   -9999.0000   -9999.0000   -9999.0000   -9999.0000   -9999.0000   -9999.0000   -1   -1   -1   -1   -1   -1   -1   -1   -1   -1   -1   -1   -1   -1   -1   -1   -1   -1   -1   -1
6.971   45.145   1280   -9999.0000   -9999.0000   -9999.0000   -9999.0000   -9999.0000   -9999.0000   30.1   3.0   -9999.0000   -9999.0000   -9999.0000   -9999.0000   -9999.0000   -9999.0000   -9999.0000   -9999.0000   -1   -1   -1   -1   -1   -1   -1   -1   -1   -1   -1   -1   -1   -1   -1   -1   -1   -1   -1   -1
7.251   45.321   1300   -9999.0000   -9999.0000   -9999.0000   -9999.0000   -9999.0000   -9999.0000   32.7   3.3   -9999.0000   -9999.0000   -9999.0000   -9999.0000   -9999.0000   -9999.0000   -9999.0000   -9999.0000   -1   -1   -1   -1   -1   -1   -1   -1   -1   -1   -1   -1   -1   -1   -1   -1   -1   -1   -1   -1
7.290   45.644   1300   -9999.0000   -9999.0000   -9999.0000   -9999.0000   -9999.0000   -9999.0000   24.6   2.5   -9999.0000   -9999.0000   -9999.0000   -9999.0000   -9999.0000   -9999.0000   -9999.0000   -9999.0000   -1   -1   -1   -1   -1   -1   -1   -1   -1   -1   -1   -1   -1   -1   -1   -1   -1   -1   -1   -1
7.193   45.985   1400   -9999.0000   -9999.0000   -9999.0000   -9999.0000   -9999.0000   -9999.0000   29.5   3.0   -9999.0000   -9999.0000   -9999.0000   -9999.0000   -9999.0000   -9999.0000   -9999.0000   -9999.0000   -1   -1   -1   -1   -1   -1   -1   -1   -1   -1   -1   -1   -1   -1   -1   -1   -1   -1   -1   -1
7.142   45.609   1400   -9999.0000   -9999.0000   -9999.0000   -9999.0000   -9999.0000   -9999.0000   30.8   3.1   -9999.0000   -9999.0000   -9999.0000   -9999.0000   -9999.0000   -9999.0000   -9999.0000   -9999.0000   -1   -1   -1   -1   -1   -1   -1   -1   -1   -1   -1   -1   -1   -1   -1   -1   -1   -1   -1   -1
7.272   45.449   1500   -9999.0000   -9999.0000   -9999.0000   -9999.0000   -9999.0000   -9999.0000   29.2   2.9   -9999.0000   -9999.0000   -9999.0000   -9999.0000   -9999.0000   -9999.0000   -9999.0000   -9999.0000   -1   -1   -1   -1   -1   -1   -1   -1   -1   -1   -1   -1   -1   -1   -1   -1   -1   -1   -1   -1
6.114   45.210   1600   -9999.0000   -9999.0000   -9999.0000   -9999.0000   -9999.0000   -9999.0000   15.2   1.5   -9999.0000   -9999.0000   -9999.0000   -9999.0000   -9999.0000   -9999.0000   -9999.0000   -9999.0000   -1   -1   -1   -1   -1   -1   -1   -1   -1   -1   -1   -1   -1   -1   -1   -1   -1   -1   -1   -1
7.392   45.598   1600   -9999.0000   -9999.0000   -9999.0000   -9999.0000   -9999.0000   -9999.0000   33.3   3.3   -9999.0000   -9999.0000   -9999.0000   -9999.0000   -9999.0000   -9999.0000   -9999.0000   -9999.0000   -1   -1   -1   -1   -1   -1   -1   -1   -1   -1   -1   -1   -1   -1   -1   -1   -1   -1   -1   -1
7.430   45.885   1819   -9999.0000   -9999.0000   -9999.0000   -9999.0000   -9999.0000   -9999.0000   30.1   3.0   -9999.0000   -9999.0000   -9999.0000   -9999.0000   -9999.0000   -9999.0000   -9999.0000   -9999.0000   -1   -1   -1   -1   -1   -1   -1   -1   -1   -1   -1   -1   -1   -1   -1   -1   -1   -1   -1   -1
7.053   45.361   1990   -9999.0000   -9999.0000   -9999.0000   -9999.0000   -9999.0000   -9999.0000   29.5   3.0   -9999.0000   -9999.0000   -9999.0000   -9999.0000   -9999.0000   -9999.0000   -9999.0000   -9999.0000   -1   -1   -1   -1   -1   -1   -1   -1   -1   -1   -1   -1   -1   -1   -1   -1   -1   -1   -1   -1
7.487   46.034   2100   -9999.0000   -9999.0000   -9999.0000   -9999.0000   -9999.0000   -9999.0000   35.9   3.6   -9999.0000   -9999.0000   -9999.0000   -9999.0000   -9999.0000   -9999.0000   -9999.0000   -9999.0000   -1   -1   -1   -1   -1   -1   -1   -1   -1   -1   -1   -1   -1   -1   -1   -1   -1   -1   -1   -1
7.180   45.886   2500   -9999.0000   -9999.0000   -9999.0000   -9999.0000   -9999.0000   -9999.0000   31.5   3.2   -9999.0000   -9999.0000   -9999.0000   -9999.0000   -9999.0000   -9999.0000   -9999.0000   -9999.0000   -1   -1   -1   -1   -1   -1   -1   -1   -1   -1   -1   -1   -1   -1   -1   -1   -1   -1   -1   -1