65                                                                                                              
-111.724   40.493   2287   4.2   0.9   -9999.0000   -9999.0000   -9999.0000   -9999.0000   -9999.0000   -9999.0000   -9999.0000   -9999.0000   -9999.0000   -9999.0000   -9999.0000   -9999.0000   -9999.0000   -9999.0000   -1   -1   -1   -1   -1   -1   -1   -1   -1   -1   -1   -1   -1   -1   -1   -1   -1   -1   -1   -1
-111.684   40.523   3354   6.0   0.5   -9999.0000   -9999.0000   -9999.0000   -9999.0000   -9999.0000   -9999.0000   -9999.0000   -9999.0000   -9999.0000   -9999.0000   -9999.0000   -9999.0000   -9999.0000   -9999.0000   -1   -1   -1   -1   -1   -1   -1   -1   -1   -1   -1   -1   -1   -1   -1   -1   -1   -1   -1   -1
-111.659   40.580   2485   6.2   0.5   -9999.0000   -9999.0000   -9999.0000   -9999.0000   -9999.0000   -9999.0000   -9999.0000   -9999.0000   -9999.0000   -9999.0000   -9999.0000   -9999.0000   -9999.0000   -9999.0000   -1   -1   -1   -1   -1   -1   -1   -1   -1   -1   -1   -1   -1   -1   -1   -1   -1   -1   -1   -1
-111.586   40.598   2683   10.1   0.8   -9999.0000   -9999.0000   -9999.0000   -9999.0000   -9999.0000   -9999.0000   -9999.0000   -9999.0000   -9999.0000   -9999.0000   -9999.0000   -9999.0000   -9999.0000   -9999.0000   -1   -1   -1   -1   -1   -1   -1   -1   -1   -1   -1   -1   -1   -1   -1   -1   -1   -1   -1   -1
-111.555   40.604   2790   23.0   1.1   -9999.0000   -9999.0000   -9999.0000   -9999.0000   -9999.0000   -9999.0000   -9999.0000   -9999.0000   -9999.0000   -9999.0000   -9999.0000   -9999.0000   -9999.0000   -9999.0000   -1   -1   -1   -1   -1   -1   -1   -1   -1   -1   -1   -1   -1   -1   -1   -1   -1   -1   -1   -1
-111.835   40.513   1520   1.6   0.1   -9999.0000   -9999.0000   -9999.0000   -9999.0000   -9999.0000   -9999.0000   -9999.0000   -9999.0000   -9999.0000   -9999.0000   -9999.0000   -9999.0000   -9999.0000   -9999.0000   -1   -1   -1   -1   -1   -1   -1   -1   -1   -1   -1   -1   -1   -1   -1   -1   -1   -1   -1   -1
-111.817   40.507   2103   2.6   0.2   -9999.0000   -9999.0000   -9999.0000   -9999.0000   -9999.0000   -9999.0000   -9999.0000   -9999.0000   -9999.0000   -9999.0000   -9999.0000   -9999.0000   -9999.0000   -9999.0000   -1   -1   -1   -1   -1   -1   -1   -1   -1   -1   -1   -1   -1   -1   -1   -1   -1   -1   -1   -1
-111.664   40.542   3170   9.5   1.1   -9999.0000   -9999.0000   -9999.0000   -9999.0000   -9999.0000   -9999.0000   -9999.0000   -9999.0000   -9999.0000   -9999.0000   -9999.0000   -9999.0000   -9999.0000   -9999.0000   -1   -1   -1   -1   -1   -1   -1   -1   -1   -1   -1   -1   -1   -1   -1   -1   -1   -1   -1   -1
-111.741   40.571   1939   3.8   0.3   -9999.0000   -9999.0000   -9999.0000   -9999.0000   -9999.0000   -9999.0000   -9999.0000   -9999.0000   -9999.0000   -9999.0000   -9999.0000   -9999.0000   -9999.0000   -9999.0000   -1   -1   -1   -1   -1   -1   -1   -1   -1   -1   -1   -1   -1   -1   -1   -1   -1   -1   -1   -1
-111.739   40.522   3170   3.9   0.3   -9999.0000   -9999.0000   -9999.0000   -9999.0000   -9999.0000   -9999.0000   -9999.0000   -9999.0000   -9999.0000   -9999.0000   -9999.0000   -9999.0000   -9999.0000   -9999.0000   -1   -1   -1   -1   -1   -1   -1   -1   -1   -1   -1   -1   -1   -1   -1   -1   -1   -1   -1   -1
-111.756   40.525   3429   5.0   0.1   -9999.0000   -9999.0000   -9999.0000   -9999.0000   -9999.0000   -9999.0000   -9999.0000   -9999.0000   -9999.0000   -9999.0000   -9999.0000   -9999.0000   -9999.0000   -9999.0000   -1   -1   -1   -1   -1   -1   -1   -1   -1   -1   -1   -1   -1   -1   -1   -1   -1   -1   -1   -1
-111.770   40.519   3061   3.5   0.3   -9999.0000   -9999.0000   -9999.0000   -9999.0000   -9999.0000   -9999.0000   -9999.0000   -9999.0000   -9999.0000   -9999.0000   -9999.0000   -9999.0000   -9999.0000   -9999.0000   -1   -1   -1   -1   -1   -1   -1   -1   -1   -1   -1   -1   -1   -1   -1   -1   -1   -1   -1   -1
-111.803   40.507   2439   2.7   0.1   -9999.0000   -9999.0000   -9999.0000   -9999.0000   -9999.0000   -9999.0000   -9999.0000   -9999.0000   -9999.0000   -9999.0000   -9999.0000   -9999.0000   -9999.0000   -9999.0000   -1   -1   -1   -1   -1   -1   -1   -1   -1   -1   -1   -1   -1   -1   -1   -1   -1   -1   -1   -1
-111.751   40.573   1829   3.2   0.2   -9999.0000   -9999.0000   -9999.0000   -9999.0000   -9999.0000   -9999.0000   -9999.0000   -9999.0000   -9999.0000   -9999.0000   -9999.0000   -9999.0000   -9999.0000   -9999.0000   -1   -1   -1   -1   -1   -1   -1   -1   -1   -1   -1   -1   -1   -1   -1   -1   -1   -1   -1   -1
-111.755   40.551   2415   3.8   0.3   -9999.0000   -9999.0000   -9999.0000   -9999.0000   -9999.0000   -9999.0000   -9999.0000   -9999.0000   -9999.0000   -9999.0000   -9999.0000   -9999.0000   -9999.0000   -9999.0000   -1   -1   -1   -1   -1   -1   -1   -1   -1   -1   -1   -1   -1   -1   -1   -1   -1   -1   -1   -1
-111.755   40.551   1781   6.2   1.0   -9999.0000   -9999.0000   -9999.0000   -9999.0000   -9999.0000   -9999.0000   -9999.0000   -9999.0000   -9999.0000   -9999.0000   -9999.0000   -9999.0000   -9999.0000   -9999.0000   -1   -1   -1   -1   -1   -1   -1   -1   -1   -1   -1   -1   -1   -1   -1   -1   -1   -1   -1   -1
-111.777   40.612   2390   4.7   0.5   -9999.0000   -9999.0000   -9999.0000   -9999.0000   -9999.0000   -9999.0000   -9999.0000   -9999.0000   -9999.0000   -9999.0000   -9999.0000   -9999.0000   -9999.0000   -9999.0000   -1   -1   -1   -1   -1   -1   -1   -1   -1   -1   -1   -1   -1   -1   -1   -1   -1   -1   -1   -1
-111.705   40.532   3453   5.5   0.4   -9999.0000   -9999.0000   -9999.0000   -9999.0000   -9999.0000   -9999.0000   -9999.0000   -9999.0000   -9999.0000   -9999.0000   -9999.0000   -9999.0000   -9999.0000   -9999.0000   -1   -1   -1   -1   -1   -1   -1   -1   -1   -1   -1   -1   -1   -1   -1   -1   -1   -1   -1   -1
-111.683   40.559   2592   7.9   0.6   -9999.0000   -9999.0000   -9999.0000   -9999.0000   -9999.0000   -9999.0000   -9999.0000   -9999.0000   -9999.0000   -9999.0000   -9999.0000   -9999.0000   -9999.0000   -9999.0000   -1   -1   -1   -1   -1   -1   -1   -1   -1   -1   -1   -1   -1   -1   -1   -1   -1   -1   -1   -1
-111.598   40.582   3238   9.4   0.3   -9999.0000   -9999.0000   -9999.0000   -9999.0000   -9999.0000   -9999.0000   -9999.0000   -9999.0000   -9999.0000   -9999.0000   -9999.0000   -9999.0000   -9999.0000   -9999.0000   -1   -1   -1   -1   -1   -1   -1   -1   -1   -1   -1   -1   -1   -1   -1   -1   -1   -1   -1   -1
-111.632   40.667   2866   6.1   0.5   -9999.0000   -9999.0000   -9999.0000   -9999.0000   -9999.0000   -9999.0000   -9999.0000   -9999.0000   -9999.0000   -9999.0000   -9999.0000   -9999.0000   -9999.0000   -9999.0000   -1   -1   -1   -1   -1   -1   -1   -1   -1   -1   -1   -1   -1   -1   -1   -1   -1   -1   -1   -1
-111.751   40.580   2713   5.7   0.4   -9999.0000   -9999.0000   -9999.0000   -9999.0000   -9999.0000   -9999.0000   -9999.0000   -9999.0000   -9999.0000   -9999.0000   -9999.0000   -9999.0000   -9999.0000   -9999.0000   -1   -1   -1   -1   -1   -1   -1   -1   -1   -1   -1   -1   -1   -1   -1   -1   -1   -1   -1   -1
-111.734   40.558   2439   4.6   0.1   -9999.0000   -9999.0000   -9999.0000   -9999.0000   -9999.0000   -9999.0000   -9999.0000   -9999.0000   -9999.0000   -9999.0000   -9999.0000   -9999.0000   -9999.0000   -9999.0000   -1   -1   -1   -1   -1   -1   -1   -1   -1   -1   -1   -1   -1   -1   -1   -1   -1   -1   -1   -1
-111.703   40.563   2439   4.9   0.4   -9999.0000   -9999.0000   -9999.0000   -9999.0000   -9999.0000   -9999.0000   -9999.0000   -9999.0000   -9999.0000   -9999.0000   -9999.0000   -9999.0000   -9999.0000   -9999.0000   -1   -1   -1   -1   -1   -1   -1   -1   -1   -1   -1   -1   -1   -1   -1   -1   -1   -1   -1   -1
-111.704   40.586   2878   6.3   0.5   -9999.0000   -9999.0000   -9999.0000   -9999.0000   -9999.0000   -9999.0000   -9999.0000   -9999.0000   -9999.0000   -9999.0000   -9999.0000   -9999.0000   -9999.0000   -9999.0000   -1   -1   -1   -1   -1   -1   -1   -1   -1   -1   -1   -1   -1   -1   -1   -1   -1   -1   -1   -1
-111.755   40.486   1845   3.6   0.3   -9999.0000   -9999.0000   -9999.0000   -9999.0000   -9999.0000   -9999.0000   -9999.0000   -9999.0000   -9999.0000   -9999.0000   -9999.0000   -9999.0000   -9999.0000   -9999.0000   -1   -1   -1   -1   -1   -1   -1   -1   -1   -1   -1   -1   -1   -1   -1   -1   -1   -1   -1   -1
-111.750   40.557   2683   4.1   0.3   -9999.0000   -9999.0000   -9999.0000   -9999.0000   -9999.0000   -9999.0000   -9999.0000   -9999.0000   -9999.0000   -9999.0000   -9999.0000   -9999.0000   -9999.0000   -9999.0000   -1   -1   -1   -1   -1   -1   -1   -1   -1   -1   -1   -1   -1   -1   -1   -1   -1   -1   -1   -1
-111.835   40.513   1520   -9999.0000   -9999.0000   3.4   0.7   -9999.0000   -9999.0000   -9999.0000   -9999.0000   -9999.0000   -9999.0000   -9999.0000   -9999.0000   -9999.0000   -9999.0000   -9999.0000   -9999.0000   -1   -1   -1   -1   -1   -1   -1   -1   -1   -1   -1   -1   -1   -1   -1   -1   -1   -1   -1   -1
-111.785   40.576   1646   -9999.0000   -9999.0000   5.8   0.8   -9999.0000   -9999.0000   -9999.0000   -9999.0000   -9999.0000   -9999.0000   -9999.0000   -9999.0000   -9999.0000   -9999.0000   -9999.0000   -9999.0000   -1   -1   -1   -1   -1   -1   -1   -1   -1   -1   -1   -1   -1   -1   -1   -1   -1   -1   -1   -1
-111.755   40.551   1781   -9999.0000   -9999.0000   6.4   0.9   -9999.0000   -9999.0000   -9999.0000   -9999.0000   -9999.0000   -9999.0000   -9999.0000   -9999.0000   -9999.0000   -9999.0000   -9999.0000   -9999.0000   -1   -1   -1   -1   -1   -1   -1   -1   -1   -1   -1   -1   -1   -1   -1   -1   -1   -1   -1   -1
-111.751   40.573   1829   -9999.0000   -9999.0000   5.1   1.0   -9999.0000   -9999.0000   -9999.0000   -9999.0000   -9999.0000   -9999.0000   -9999.0000   -9999.0000   -9999.0000   -9999.0000   -9999.0000   -9999.0000   -1   -1   -1   -1   -1   -1   -1   -1   -1   -1   -1   -1   -1   -1   -1   -1   -1   -1   -1   -1
-111.755   40.486   1845   -9999.0000   -9999.0000   4.4   0.6   -9999.0000   -9999.0000   -9999.0000   -9999.0000   -9999.0000   -9999.0000   -9999.0000   -9999.0000   -9999.0000   -9999.0000   -9999.0000   -9999.0000   -1   -1   -1   -1   -1   -1   -1   -1   -1   -1   -1   -1   -1   -1   -1   -1   -1   -1   -1   -1
-111.741   40.571   1939   -9999.0000   -9999.0000   5.3   0.9   -9999.0000   -9999.0000   -9999.0000   -9999.0000   -9999.0000   -9999.0000   -9999.0000   -9999.0000   -9999.0000   -9999.0000   -9999.0000   -9999.0000   -1   -1   -1   -1   -1   -1   -1   -1   -1   -1   -1   -1   -1   -1   -1   -1   -1   -1   -1   -1
-111.455   40.612   2000   -9999.0000   -9999.0000   38.6   3.6   -9999.0000   -9999.0000   -9999.0000   -9999.0000   -9999.0000   -9999.0000   -9999.0000   -9999.0000   -9999.0000   -9999.0000   -9999.0000   -9999.0000   -1   -1   -1   -1   -1   -1   -1   -1   -1   -1   -1   -1   -1   -1   -1   -1   -1   -1   -1   -1
-111.817   40.507   2103   -9999.0000   -9999.0000   5.6   1.0   -9999.0000   -9999.0000   -9999.0000   -9999.0000   -9999.0000   -9999.0000   -9999.0000   -9999.0000   -9999.0000   -9999.0000   -9999.0000   -9999.0000   -1   -1   -1   -1   -1   -1   -1   -1   -1   -1   -1   -1   -1   -1   -1   -1   -1   -1   -1   -1
-111.468   40.563   2200   -9999.0000   -9999.0000   28.3   6.6   -9999.0000   -9999.0000   -9999.0000   -9999.0000   -9999.0000   -9999.0000   -9999.0000   -9999.0000   -9999.0000   -9999.0000   -9999.0000   -9999.0000   -1   -1   -1   -1   -1   -1   -1   -1   -1   -1   -1   -1   -1   -1   -1   -1   -1   -1   -1   -1
-111.695   40.634   2226   -9999.0000   -9999.0000   20.3   1.8   -9999.0000   -9999.0000   -9999.0000   -9999.0000   -9999.0000   -9999.0000   -9999.0000   -9999.0000   -9999.0000   -9999.0000   -9999.0000   -9999.0000   -1   -1   -1   -1   -1   -1   -1   -1   -1   -1   -1   -1   -1   -1   -1   -1   -1   -1   -1   -1
-111.724   40.493   2287   -9999.0000   -9999.0000   4.9   0.8   -9999.0000   -9999.0000   -9999.0000   -9999.0000   -9999.0000   -9999.0000   -9999.0000   -9999.0000   -9999.0000   -9999.0000   -9999.0000   -9999.0000   -1   -1   -1   -1   -1   -1   -1   -1   -1   -1   -1   -1   -1   -1   -1   -1   -1   -1   -1   -1
-111.777   40.612   2390   -9999.0000   -9999.0000   8.5   1.3   -9999.0000   -9999.0000   -9999.0000   -9999.0000   -9999.0000   -9999.0000   -9999.0000   -9999.0000   -9999.0000   -9999.0000   -9999.0000   -9999.0000   -1   -1   -1   -1   -1   -1   -1   -1   -1   -1   -1   -1   -1   -1   -1   -1   -1   -1   -1   -1
-111.755   40.551   2415   -9999.0000   -9999.0000   6.1   0.7   -9999.0000   -9999.0000   -9999.0000   -9999.0000   -9999.0000   -9999.0000   -9999.0000   -9999.0000   -9999.0000   -9999.0000   -9999.0000   -9999.0000   -1   -1   -1   -1   -1   -1   -1   -1   -1   -1   -1   -1   -1   -1   -1   -1   -1   -1   -1   -1
-111.803   40.507   2439   -9999.0000   -9999.0000   5.3   1.1   -9999.0000   -9999.0000   -9999.0000   -9999.0000   -9999.0000   -9999.0000   -9999.0000   -9999.0000   -9999.0000   -9999.0000   -9999.0000   -9999.0000   -1   -1   -1   -1   -1   -1   -1   -1   -1   -1   -1   -1   -1   -1   -1   -1   -1   -1   -1   -1
-111.734   40.558   2439   -9999.0000   -9999.0000   6.2   0.7   -9999.0000   -9999.0000   -9999.0000   -9999.0000   -9999.0000   -9999.0000   -9999.0000   -9999.0000   -9999.0000   -9999.0000   -9999.0000   -9999.0000   -1   -1   -1   -1   -1   -1   -1   -1   -1   -1   -1   -1   -1   -1   -1   -1   -1   -1   -1   -1
-111.703   40.563   2439   -9999.0000   -9999.0000   5.8   1.0   -9999.0000   -9999.0000   -9999.0000   -9999.0000   -9999.0000   -9999.0000   -9999.0000   -9999.0000   -9999.0000   -9999.0000   -9999.0000   -9999.0000   -1   -1   -1   -1   -1   -1   -1   -1   -1   -1   -1   -1   -1   -1   -1   -1   -1   -1   -1   -1
-111.659   40.580   2485   -9999.0000   -9999.0000   10.2   1.2   -9999.0000   -9999.0000   -9999.0000   -9999.0000   -9999.0000   -9999.0000   -9999.0000   -9999.0000   -9999.0000   -9999.0000   -9999.0000   -9999.0000   -1   -1   -1   -1   -1   -1   -1   -1   -1   -1   -1   -1   -1   -1   -1   -1   -1   -1   -1   -1
-111.479   40.615   2550   -9999.0000   -9999.0000   39.6   2.4   -9999.0000   -9999.0000   -9999.0000   -9999.0000   -9999.0000   -9999.0000   -9999.0000   -9999.0000   -9999.0000   -9999.0000   -9999.0000   -9999.0000   -1   -1   -1   -1   -1   -1   -1   -1   -1   -1   -1   -1   -1   -1   -1   -1   -1   -1   -1   -1
-111.683   40.559   2592   -9999.0000   -9999.0000   7.5   1.1   -9999.0000   -9999.0000   -9999.0000   -9999.0000   -9999.0000   -9999.0000   -9999.0000   -9999.0000   -9999.0000   -9999.0000   -9999.0000   -9999.0000   -1   -1   -1   -1   -1   -1   -1   -1   -1   -1   -1   -1   -1   -1   -1   -1   -1   -1   -1   -1
-111.750   40.557   2683   -9999.0000   -9999.0000   6.0   0.8   -9999.0000   -9999.0000   -9999.0000   -9999.0000   -9999.0000   -9999.0000   -9999.0000   -9999.0000   -9999.0000   -9999.0000   -9999.0000   -9999.0000   -1   -1   -1   -1   -1   -1   -1   -1   -1   -1   -1   -1   -1   -1   -1   -1   -1   -1   -1   -1
-111.586   40.598   2683   -9999.0000   -9999.0000   19.7   1.4   -9999.0000   -9999.0000   -9999.0000   -9999.0000   -9999.0000   -9999.0000   -9999.0000   -9999.0000   -9999.0000   -9999.0000   -9999.0000   -9999.0000   -1   -1   -1   -1   -1   -1   -1   -1   -1   -1   -1   -1   -1   -1   -1   -1   -1   -1   -1   -1
-111.586   40.598   2683   -9999.0000   -9999.0000   21.5   2.0   -9999.0000   -9999.0000   -9999.0000   -9999.0000   -9999.0000   -9999.0000   -9999.0000   -9999.0000   -9999.0000   -9999.0000   -9999.0000   -9999.0000   -1   -1   -1   -1   -1   -1   -1   -1   -1   -1   -1   -1   -1   -1   -1   -1   -1   -1   -1   -1
-111.751   40.580   2713   -9999.0000   -9999.0000   7.5   1.0   -9999.0000   -9999.0000   -9999.0000   -9999.0000   -9999.0000   -9999.0000   -9999.0000   -9999.0000   -9999.0000   -9999.0000   -9999.0000   -9999.0000   -1   -1   -1   -1   -1   -1   -1   -1   -1   -1   -1   -1   -1   -1   -1   -1   -1   -1   -1   -1
-111.509   40.605   2713   -9999.0000   -9999.0000   25.8   2.7   -9999.0000   -9999.0000   -9999.0000   -9999.0000   -9999.0000   -9999.0000   -9999.0000   -9999.0000   -9999.0000   -9999.0000   -9999.0000   -9999.0000   -1   -1   -1   -1   -1   -1   -1   -1   -1   -1   -1   -1   -1   -1   -1   -1   -1   -1   -1   -1
-111.555   40.604   2790   -9999.0000   -9999.0000   26.8   2.4   -9999.0000   -9999.0000   -9999.0000   -9999.0000   -9999.0000   -9999.0000   -9999.0000   -9999.0000   -9999.0000   -9999.0000   -9999.0000   -9999.0000   -1   -1   -1   -1   -1   -1   -1   -1   -1   -1   -1   -1   -1   -1   -1   -1   -1   -1   -1   -1
-111.561   40.608   2805   -9999.0000   -9999.0000   16.9   1.5   -9999.0000   -9999.0000   -9999.0000   -9999.0000   -9999.0000   -9999.0000   -9999.0000   -9999.0000   -9999.0000   -9999.0000   -9999.0000   -9999.0000   -1   -1   -1   -1   -1   -1   -1   -1   -1   -1   -1   -1   -1   -1   -1   -1   -1   -1   -1   -1
-111.561   40.608   2805   -9999.0000   -9999.0000   17.5   1.9   -9999.0000   -9999.0000   -9999.0000   -9999.0000   -9999.0000   -9999.0000   -9999.0000   -9999.0000   -9999.0000   -9999.0000   -9999.0000   -9999.0000   -1   -1   -1   -1   -1   -1   -1   -1   -1   -1   -1   -1   -1   -1   -1   -1   -1   -1   -1   -1
-111.632   40.667   2866   -9999.0000   -9999.0000   17.3   1.7   -9999.0000   -9999.0000   -9999.0000   -9999.0000   -9999.0000   -9999.0000   -9999.0000   -9999.0000   -9999.0000   -9999.0000   -9999.0000   -9999.0000   -1   -1   -1   -1   -1   -1   -1   -1   -1   -1   -1   -1   -1   -1   -1   -1   -1   -1   -1   -1
-111.704   40.586   2878   -9999.0000   -9999.0000   5.7   0.7   -9999.0000   -9999.0000   -9999.0000   -9999.0000   -9999.0000   -9999.0000   -9999.0000   -9999.0000   -9999.0000   -9999.0000   -9999.0000   -9999.0000   -1   -1   -1   -1   -1   -1   -1   -1   -1   -1   -1   -1   -1   -1   -1   -1   -1   -1   -1   -1
-111.770   40.519   3061   -9999.0000   -9999.0000   5.2   0.9   -9999.0000   -9999.0000   -9999.0000   -9999.0000   -9999.0000   -9999.0000   -9999.0000   -9999.0000   -9999.0000   -9999.0000   -9999.0000   -9999.0000   -1   -1   -1   -1   -1   -1   -1   -1   -1   -1   -1   -1   -1   -1   -1   -1   -1   -1   -1   -1
-111.739   40.522   3170   -9999.0000   -9999.0000   6.1   1.0   -9999.0000   -9999.0000   -9999.0000   -9999.0000   -9999.0000   -9999.0000   -9999.0000   -9999.0000   -9999.0000   -9999.0000   -9999.0000   -9999.0000   -1   -1   -1   -1   -1   -1   -1   -1   -1   -1   -1   -1   -1   -1   -1   -1   -1   -1   -1   -1
-111.664   40.542   3170   -9999.0000   -9999.0000   6.7   1.0   -9999.0000   -9999.0000   -9999.0000   -9999.0000   -9999.0000   -9999.0000   -9999.0000   -9999.0000   -9999.0000   -9999.0000   -9999.0000   -9999.0000   -1   -1   -1   -1   -1   -1   -1   -1   -1   -1   -1   -1   -1   -1   -1   -1   -1   -1   -1   -1
-111.598   40.582   3238   -9999.0000   -9999.0000   15.9   1.1   -9999.0000   -9999.0000   -9999.0000   -9999.0000   -9999.0000   -9999.0000   -9999.0000   -9999.0000   -9999.0000   -9999.0000   -9999.0000   -9999.0000   -1   -1   -1   -1   -1   -1   -1   -1   -1   -1   -1   -1   -1   -1   -1   -1   -1   -1   -1   -1
-111.598   40.582   3238   -9999.0000   -9999.0000   17.1   1.0   -9999.0000   -9999.0000   -9999.0000   -9999.0000   -9999.0000   -9999.0000   -9999.0000   -9999.0000   -9999.0000   -9999.0000   -9999.0000   -9999.0000   -1   -1   -1   -1   -1   -1   -1   -1   -1   -1   -1   -1   -1   -1   -1   -1   -1   -1   -1   -1
-111.684   40.523   3354   -9999.0000   -9999.0000   10.0   1.1   -9999.0000   -9999.0000   -9999.0000   -9999.0000   -9999.0000   -9999.0000   -9999.0000   -9999.0000   -9999.0000   -9999.0000   -9999.0000   -9999.0000   -1   -1   -1   -1   -1   -1   -1   -1   -1   -1   -1   -1   -1   -1   -1   -1   -1   -1   -1   -1
-111.684   40.523   3354   -9999.0000   -9999.0000   12.3   1.5   -9999.0000   -9999.0000   -9999.0000   -9999.0000   -9999.0000   -9999.0000   -9999.0000   -9999.0000   -9999.0000   -9999.0000   -9999.0000   -9999.0000   -1   -1   -1   -1   -1   -1   -1   -1   -1   -1   -1   -1   -1   -1   -1   -1   -1   -1   -1   -1
-111.756   40.525   3429   -9999.0000   -9999.0000   4.8   0.7   -9999.0000   -9999.0000   -9999.0000   -9999.0000   -9999.0000   -9999.0000   -9999.0000   -9999.0000   -9999.0000   -9999.0000   -9999.0000   -9999.0000   -1   -1   -1   -1   -1   -1   -1   -1   -1   -1   -1   -1   -1   -1   -1   -1   -1   -1   -1   -1
-111.705   40.532   3453   -9999.0000   -9999.0000   6.4   0.8   -9999.0000   -9999.0000   -9999.0000   -9999.0000   -9999.0000   -9999.0000   -9999.0000   -9999.0000   -9999.0000   -9999.0000   -9999.0000   -9999.0000   -1   -1   -1   -1   -1   -1   -1   -1   -1   -1   -1   -1   -1   -1   -1   -1   -1   -1   -1   -1
