-111.7240   40.4930   2318.2312   2.763677401   0.85   3
-111.6840   40.5230   3276.3191   4.027318776   0.45   3
-111.6590   40.5800   2562.0491   3.396513266   0.45   3
-111.5860   40.5980   2731.7683   5.237070743   0.75   3
-111.5550   40.6040   3016.5339   7.29856732    1.05   3
-111.8350   40.5130   1552.7639   1.954763178   0.10   3
-111.8170   40.5070   2035.7819   2.20507969    0.20   3
-111.6640   40.5420   3166.2324   4.258808921   1.05   3
-111.7410   40.5710   2080.3198   2.357875753   0.30   3
-111.7390   40.5220   3030.0823   3.150085657   0.30   3
-111.7560   40.5250   3177.8127   3.352630067   0.10   3
-111.7700   40.5190   2921.9280   3.005015846   0.25   3
-111.8030   40.5070   2322.4365   2.393895233   0.05   3
-111.7510   40.5730   1923.8270   2.356843229   0.20   3
-111.7550   40.5510   2601.0784   2.847253554   0.30   3
-111.7550   40.5510   2601.0784   2.739190928   0.95   3
-111.7770   40.6120   1851.1937   2.192341095   0.45   3
-111.7050   40.5320   3116.6704   3.649544635   0.40   3
-111.6830   40.5590   2705.6707   3.462655236   0.60   3
-111.5980   40.5820   3064.0908   5.251902081   0.25   3
-111.6320   40.6670   2656.8855   4.237747776   0.45   3
-111.7510   40.5800   2359.2861   2.820863794   0.40   3
-111.7340   40.5580   2796.7126   3.183419246   0.05   3
-111.7030   40.5630   2504.4514   2.821698724   0.35   3
-111.7040   40.5860   2881.1221   3.544055717   0.45   3
-111.7550   40.4860   1801.9480   2.219435695   0.25   3
-111.7500   40.5570   2599.5574   2.707874076   0.30   3
-111.8350   40.5130   1552.7639   2.737167899   0.7   1
-111.7850   40.5760   1662.0736   3.130623956   0.8   1
-111.7550   40.5510   2601.0784   4.102117646   0.9   1
-111.7510   40.5730   1923.8270   3.255138237   1.0   1
-111.7550   40.4860   1801.9480   3.511454717   0.6   1
-111.7410   40.5710   2080.3198   3.660291841   0.9   1
-111.4550   40.6120   2251.5618   30.64159272   3.6   1
-111.8170   40.5070   2035.7819   3.257567898   1.0   1
-111.4680   40.5630   2213.0413   29.94516906   6.6   1
-111.6950   40.6340   2259.6233   4.478782591   1.8   1
-111.7240   40.4930   2318.2312   3.994244345   0.8   1
-111.7770   40.6120   1851.1937   3.273091495   1.3   1
-111.7550   40.5510   2601.0784   3.984712748   0.7   1
-111.8030   40.5070   2322.4365   3.5039594     1.1   1
-111.7340   40.5580   2796.7126   4.370772292   0.7   1
-111.7030   40.5630   2504.4514   4.365110587   1.0   1
-111.6590   40.5800   2562.0491   5.306400566   1.2   1
-111.4790   40.6150   2602.2759   28.91313921   2.4   1
-111.6830   40.5590   2705.6707   5.130747129   1.1   1
-111.7500   40.5570   2599.5574   3.892636164   0.8   1
-111.5860   40.5980   2731.7683   8.210279625   1.4   1
-111.5860   40.5980   2731.7683   8.361024926   2.0   1
-111.7510   40.5800   2359.2861   3.976550745   1.0   1
-111.5090   40.6050   2671.4001   25.57482402   2.7   1
-111.5550   40.6040   3016.5339   11.25996822   2.4   1
-111.5610   40.6080   2907.9702   10.36646099   1.5   1
-111.5610   40.6080   2907.9702   9.633978569   1.9   1
-111.6320   40.6670   2656.8855   6.249847832   1.7   1
-111.7040   40.5860   2881.1221   4.8866718     0.7   1
-111.7700   40.5190   2921.9280   4.014151586   0.9   1
-111.7390   40.5220   3030.0823   4.618471118   1.0   1
-111.6640   40.5420   3166.2324   6.284172271   1.0   1
-111.5980   40.5820   3064.0908   8.049014711   1.1   1
-111.5980   40.5820   3064.0908   7.872458486   1.0   1
-111.6840   40.5230   3276.3191   5.590954356   1.1   1
-111.6840   40.5230   3276.3191   6.009202352   1.5   1
-111.7560   40.5250   3177.8127   4.645241965   0.7   1
-111.7050   40.5320   3116.6704   5.010355574   0.8   1