170.0787   -43.6533   1724.2924   1.328529   0.2   3
170.0999   -43.6590   1736.4426   1.328069   1.1   3
170.1104   -43.6579   1278.5405   1.234721   0.5   3
170.1843   -43.5850   2123.1943   1.490090   0.6   3
170.1939   -43.5820   1920.0359   1.429329   0.6   3
170.2029   -43.5881   1388.6201   1.128100   0.3   3
170.2093   -43.5909   1169.4780   1.035294   0.4   3
170.2931   -43.5730   2446.2942   1.617480   1.6   3
170.3152   -43.5920   1497.7280   1.339496   0.5   3
170.3279   -43.5931   1161.8468   1.145707   0.5   3
170.4171   -43.5867   2039.5040   5.699123   2.0   3
170.1738   -43.6609    957.7213   1.177732   0.4   3
170.4704   -43.5786   1036.2434   4.742275   7.5   3
170.0787   -43.6533   1724.2924   1.923385   1.6   1
170.0999   -43.6590   1736.4426   2.138451   1.8   1
170.1843   -43.5850   2123.1943   1.903964   0.9   1
170.1939   -43.5820   1920.0359   1.935031   0.7   1
170.2029   -43.5881   1388.6201   1.714720   1.1   1
170.2931   -43.5730   2446.2942   2.947328   3.3   1
170.3152   -43.5920   1497.7280   2.837204   1.1   1
170.3279   -43.5931   1161.8468   2.748410   1.4   1
170.4704   -43.5786   1036.2434  82.240038   5.8   1
170.1191   -43.5084   1574.3195   0.872796   0.4   1
170.1054   -43.5090   1217.7764   0.851576   0.3   1
170.1151   -43.5128   1475.0985   0.914508   0.3   1
170.1362   -43.5115   1695.6788   0.867431   0.5   1
170.1462   -43.5109   1772.9375   0.860408   0.5   1
170.1835   -43.5325   2336.1799   0.952653   1.3   1
170.1872   -43.5596   2626.5354   1.935160   1.4   1
169.9456   -43.6364    672.1570   0.878079   0.1   1
169.9045   -43.6146    348.0245   0.810453   0.2   1
169.8215   -43.5907     80.2250   0.869444   0.1   1
169.8324   -43.5721    195.4737   0.931108   0.5   1
170.0092   -43.5030   1191.3347   0.962058   0.9   1
170.0046   -43.4957   1016.1986   0.915565   0.1   1
170.0035   -43.4947    986.0442   0.941776   0.5   1
170.2063   -43.3882    612.1290   0.917080   2.9   1
170.2014   -43.3872    525.0068   0.940218   0.7   1
170.2039   -43.3873    567.1526   0.931200   1.0   1
170.1771   -43.4325    379.0321   0.849554   0.1   1
170.5966   -43.3863   1260.6906   1.042672   0.4   1
170.5824   -43.3698    627.5203   0.941716   1.1   1
170.5117   -43.3484    296.1733   0.821628   0.3   1
170.4069   -43.3164    487.4878   0.847225   1.4   1
169.8985   -43.6094    344.9511   0.861555   0.1   1
169.9277   -43.6180    419.3068   0.851189   0.1   1
169.9467   -43.6282    509.2369   0.800435   0.1   1
170.0207   -43.6588   1184.3235   1.159024   0.1   1
170.0651   -43.6528   1247.4827   1.523771   0.1   1
170.1014   -43.6556   1733.7374   2.164830   0.1   1
170.1047   -43.6565   1554.0636   1.891447   0.1   1
170.1093   -43.6574   1337.7310   1.819335   0.6   1
170.1114   -43.6615   1184.4347   1.866974   0.5   1
170.1002   -43.7042    867.7567   2.500128   0.7   1
170.1222   -43.7374    797.9587  75.497408   0.5   1
170.0340   -43.4894    428.9976   0.888654   0.1   1
170.0586   -43.4996    624.0065   0.872994   0.1   1
170.4379   -43.3424    250.1638   0.854645   0.1   1
170.4214   -43.3801    315.1810   0.836382   0.1   1
170.4152   -43.4097    584.6366   0.835836   0.1   1
170.4399   -43.4214    836.1935   0.930699   0.1   1
170.5052   -43.5010   1163.5790   2.478882   0.1   1
170.5014   -43.5224   1046.6353   5.232737   0.1   1
170.5023   -43.5380   1046.4045  49.151357   0.5   1
170.5016   -43.5775    975.1414  90.296274   1.0   1
170.5053   -43.6294    960.3159  94.420639   4.0   1
170.5172   -43.6641    857.2130  106.251755   4.0   1
170.5418   -43.6890    774.1744  104.260272   7.0   1
170.1378   -43.6001   3388.7207   2.774634   0.7   1
170.1435   -43.5985   3241.6016   2.759720   0.1   1
170.0984   -43.6567   1851.5955   9.812269   2.9   4
170.0999   -43.6590   1736.4426   12.330909   2.0   4
170.1104   -43.6579   1278.5405   17.173681   8.8   4
170.1843   -43.5850   2123.1943   7.533353   1.3   4
170.1939   -43.5820   1920.0359   7.267034   2.6   4
170.2029   -43.5881   1388.6201   7.824177   2.7   4
170.2931   -43.5730   2446.2942   33.082843   33.2   4
170.3152   -43.5920   1497.7280   83.261819   25.1   4
170.3279   -43.5931   1161.8468   89.521661   60.9   4
170.4171   -43.5867   2039.5040   98.663220   23.6   4
170.1738   -43.6609    957.7213   84.444964   8.0   4
170.4704   -43.5786   1036.2434   101.382103   26.3   4
170.5605   -43.3607    747.8184   1.697038   0.1   4
170.4396   -43.4216    842.9417   1.926499   0.1   4
170.4490   -43.4080   1137.5532   1.823453   0.2   4
170.5123   -43.3951   1770.8180   2.718560   0.1   4
170.5567   -43.3628    646.6959   1.741443   0.2   4
170.4385   -43.4256    934.6119   2.137156   0.1   4
170.5875   -43.3331   1742.0927   1.990216   0.1   4
170.4897   -43.3980   1251.4440   2.100211   0.3   4
170.5392   -43.3806   1186.8481   2.297373   0.1   4
170.4461   -43.4117    983.1014   1.805664   0.1   4
170.4385   -43.4239    906.4943   2.039997   0.2   4
170.4435   -43.4141    897.1601   1.865958   0.1   4
170.4969   -43.3965   1459.5265   2.251792   0.1   4
170.5047   -43.3968   1562.4143   2.509664   0.1   4
170.5258   -43.3844   1609.8523   2.393394   0.1   4
170.5660   -43.3550   1079.4448   1.957723   0.3   4
170.0787   -43.6533   1724.2924   89.981020   4.8   2
170.0999   -43.6590   1736.4426   86.329220   12.8   2
170.1104   -43.6579   1278.5405   93.147146   10.5   2
170.1843   -43.5850   2123.1943   92.563193   10.4   2
170.1939   -43.5820   1920.0359   86.911849   11.2   2
170.2029   -43.5881   1388.6201   88.370602   10.8   2
170.2931   -43.5730   2446.2942   90.840104   10.6   2
170.3152   -43.5920   1497.7280   100.349272   10.4   2
170.3279   -43.5931   1161.8468   92.819274   14.4   2
170.4171   -43.5867   2039.5040   96.530507   15.6   2
170.1738   -43.6609    957.7213   91.726017   13.3   2
170.4704   -43.5786   1036.2434   99.287831   14.8   2
170.1191   -43.5084   1574.3195   1.865725   0.3   2
170.1054   -43.5090   1217.7764   1.842550   0.1   2
170.1151   -43.5128   1475.0985   1.933716   0.1   2
170.1362   -43.5115   1695.6788   1.914923   0.2   2
170.1462   -43.5109   1772.9375   2.204807   0.2   2
170.1835   -43.5325   2336.1799   4.785353   0.5   2
170.1872   -43.5596   2626.5354   79.181578   7.4   2
170.4385   -43.4256    934.6119   5.746215   0.1   2
170.4435   -43.4141    897.1601   3.774900   0.1   2
170.5605   -43.3607    747.8184   3.779948   0.2   2
170.5567   -43.3628    646.6959   3.562937   0.1   2
170.5660   -43.3550   1079.4448   3.958153   0.1   2
170.5875   -43.3331   1742.0927   3.385800   0.1   2
169.9456   -43.6364    672.0758   2.199141   0.1   2
169.9045   -43.6146    348.0245   1.712494   0.1   2
169.8324   -43.5721    195.4737   1.826274   0.1   2
170.0092   -43.5030   1191.3347   1.835757   0.1   2
170.0046   -43.4957   1016.1986   1.823485   0.1   2
170.0035   -43.4947    986.0442   1.863676   0.1   2
170.2063   -43.3882    612.1290   1.856490   0.1   2
170.2039   -43.3873    567.1526   1.814892   0.1   2
170.5966   -43.3863   1260.6906   78.363203   3.0   2
170.5824   -43.3698    627.5203   20.318732   2.0   2
170.5117   -43.3484    296.1733   1.836028   0.1   2
170.4382   -43.3639    318.4248   1.772394   0.2   2
170.4069   -43.3164    487.4878   1.828996   0.1   2
169.8985   -43.6094    344.9511   1.781350   0.2   2
169.9277   -43.6180    419.3068   1.791415   0.2   2
169.9467   -43.6282    509.2369   1.916999   0.1   2
170.0207   -43.6588   1184.3235   79.887257   0.5   2
170.0651   -43.6528   1247.4827   90.265932   1.0   2
170.1014   -43.6556   1733.7374   89.161712   4.0   2
170.1047   -43.6565   1554.0636   87.319740   6.0   2
170.1093   -43.6574   1337.7310   88.725965   6.0   2
170.1114   -43.6615   1184.4347   90.047874   10.0   2
170.1002   -43.7042    867.7567   100.895224   10.0   2
170.1222   -43.7374    797.9587   95.850729   9.0   2
170.4379   -43.3424    250.1638   1.699848   0.2   2
170.4214   -43.3801    315.1810   1.760545   0.3   2
170.4152   -43.4097    584.6366   2.550703   0.2   2
170.4399   -43.4214    836.1935   4.384989   0.4   2
170.5052   -43.5010   1163.5790   91.923460   12.0   2
170.5014   -43.5224   1046.6353   96.584260   8.0   2
170.5023   -43.5380   1046.4045   96.709164   17.0   2
170.5016   -43.5775    975.1414   97.346275   15.0   2
170.5053   -43.6294    960.3159   102.889515   13.0   2
170.5172   -43.6641    857.2130   95.066784   18.0   2
170.5418   -43.6890   774.1744   100.742431   10.0   2
170.1231   -43.5966   2526.3376   74.063109   12.0   2
170.1378   -43.6001   3388.7207   82.605033   11.0   2
170.1435   -43.5985   3241.6016   82.114423   11.0   2
