-111.853876257	40.696625	1332.95941162
-111.847133794	40.696625	1356.61625672
-111.838143844	40.696625	1377.31648254
-111.829153894	40.696625	1396.78543091
-111.820163945	40.696625	1418.30975342
-111.811173995	40.696625	1455.19494629
-111.802184045	40.696625	1482.49064636
-111.793194095	40.696625	1525.37487793
-111.784204146	40.696625	1677.26893616
-111.775214196	40.696625	1865.97743225
-111.766224246	40.696625	1839.12153625
-111.757234297	40.696625	1857.21824646
-111.748244347	40.696625	1794.17085266
-111.739254397	40.696625	1821.12271118
-111.730264447	40.696625	1899.10195923
-111.721274497	40.696625	1950.20230102
-111.712284548	40.696625	1984.93675232
-111.703294598	40.696625	2096.48576355
-111.694304648	40.696625	2215.0241394
-111.685314699	40.696625	2236.2746582
-111.676324749	40.696625	2187.03817749
-111.667334799	40.696625	2308.67175293
-111.658344849	40.696625	2484.97503662
-111.649354899	40.696625	2668.28179932
-111.64036495	40.696625	2602.02252198
-111.631375	40.696625	2571.43725586
-111.62238505	40.696625	2499.18295288
-111.613395101	40.696625	2673.08145141
-111.604405151	40.696625	2753.91979981
-111.595415201	40.696625	2674.56072998
-111.586425251	40.696625	2467.67037964
-111.577435302	40.696625	2396.52511597
-111.568445352	40.696625	2323.47454834
-111.559455402	40.696625	2232.16140747
-111.550465452	40.696625	2062.14768982
-111.541475503	40.696625	2006.12036133
-111.532485553	40.696625	1990.88742065
-111.523495603	40.696625	1980.22808838
-111.514505653	40.696625	1969.20620728
-111.505515704	40.696625	2003.80882263
-111.496525754	40.696625	2090.11175537
-111.487535804	40.696625	2124.30740356
-111.478545854	40.696625	2106.34579468
-111.469555904	40.696625	2029.61122131
-111.460565955	40.696625	2008.95773316
-111.451576005	40.696625	2105.76620483
-111.442586055	40.696625	2079.61900329
-111.433596106	40.696625	2036.01899719
-111.424606156	40.696625	2083.73361206
-111.415616206	40.696625	2173.36605835
-111.408873743	40.696625	2168.27941894
-111.853876257	40.689875	1327.96000671
-111.847133794	40.689875	1340.78627014
-111.838143844	40.689875	1374.18160248
-111.829153894	40.689875	1393.74378967
-111.820163945	40.689875	1413.08454132
-111.811173995	40.689875	1449.4016037
-111.802184045	40.689875	1488.93515015
-111.793194095	40.689875	1519.75319672
-111.784204146	40.689875	1613.62757111
-111.775214196	40.689875	1730.03392792
-111.766224246	40.689875	1788.95381927
-111.757234297	40.689875	1849.60784149
-111.748244347	40.689875	1926.97564697
-111.739254397	40.689875	2045.22325897
-111.730264447	40.689875	2176.34268189
-111.721274498	40.689875	2284.84359741
-111.712284548	40.689875	2111.13775635
-111.703294598	40.689875	2241.17575073
-111.694304648	40.689875	2361.80352783
-111.685314699	40.689875	2454.71455383
-111.676324749	40.689875	2408.85217285
-111.667334799	40.689875	2334.3354187
-111.658344849	40.689875	2351.99415588
-111.6493549	40.689875	2424.84941101
-111.64036495	40.689875	2558.5348053
-111.631375	40.689875	2586.07293701
-111.62238505	40.689875	2673.92385864
-111.613395101	40.689875	2772.83650207
-111.604405151	40.689875	2780.42791748
-111.595415201	40.689875	2686.59706116
-111.586425251	40.689875	2539.6789093
-111.577435302	40.689875	2369.49504089
-111.568445352	40.689875	2275.33024597
-111.559455402	40.689875	2170.47615051
-111.550465452	40.689875	2077.21838379
-111.541475503	40.689875	2031.14775848
-111.532485553	40.689875	2021.47774506
-111.523495603	40.689875	2028.26418304
-111.514505653	40.689875	2008.30730438
-111.505515704	40.689875	2019.25881195
-111.496525754	40.689875	2104.93800354
-111.487535804	40.689875	2122.47233581
-111.478545854	40.689875	2132.30581665
-111.469555904	40.689875	2050.33215332
-111.460565955	40.689875	2016.25215149
-111.451576005	40.689875	2085.51873779
-111.442586055	40.689875	2111.10305786
-111.433596106	40.689875	2086.02835083
-111.424606156	40.689875	2113.09048462
-111.415616206	40.689875	2126.93824768
-111.408873743	40.689875	2144.74664307
-111.853876257	40.680875	1322.16647339
-111.847133794	40.680875	1329.00819397
-111.838143844	40.680875	1358.90511322
-111.829153894	40.680875	1382.70898437
-111.820163945	40.680875	1405.36613464
-111.811173995	40.680875	1439.99022675
-111.802184045	40.680875	1492.55434418
-111.793194095	40.680875	1547.23519135
-111.784204146	40.680875	1610.82751465
-111.775214196	40.680875	1787.83673859
-111.766224246	40.680875	2074.53029633
-111.757234297	40.680875	2206.58346558
-111.748244347	40.680875	2276.95285034
-111.739254397	40.680875	2352.5834198
-111.730264447	40.680875	2352.50952148
-111.721274498	40.680875	2492.22714233
-111.712284548	40.680875	2277.14718628
-111.703294598	40.680875	2320.36689758
-111.694304648	40.680875	2537.01171875
-111.685314699	40.680875	2750.17481995
-111.676324749	40.680875	2666.79168701
-111.667334799	40.680875	2669.39411926
-111.658344849	40.680875	2548.97669983
-111.6493549	40.680875	2477.27322388
-111.64036495	40.680875	2492.11560059
-111.631375	40.680875	2594.05445862
-111.62238505	40.680875	2645.51800537
-111.613395101	40.680875	2703.18103027
-111.604405151	40.680875	2778.19526672
-111.595415201	40.680875	2691.88735962
-111.586425251	40.680875	2567.88769531
-111.577435302	40.680875	2469.96737671
-111.568445352	40.680875	2352.72735596
-111.559455402	40.680875	2187.62097168
-111.550465452	40.680875	2114.15084839
-111.541475503	40.680875	2082.23889923
-111.532485553	40.680875	2055.62210846
-111.523495603	40.680875	2132.23181152
-111.514505653	40.680875	2114.35108948
-111.505515704	40.680875	2079.66506958
-111.496525754	40.680875	2057.71476746
-111.487535804	40.680875	2093.70483398
-111.478545854	40.680875	2074.01133728
-111.469555904	40.680875	2044.99367523
-111.460565955	40.680875	2021.775383
-111.451576005	40.680875	2028.81867218
-111.442586055	40.680875	2055.80467224
-111.433596106	40.680875	2072.11521149
-111.424606156	40.680875	2150.08361816
-111.415616206	40.680875	2166.58958435
-111.408873743	40.680875	2188.35311889
-111.853876257	40.671875	1322.01242065
-111.847133794	40.671875	1324.51065063
-111.838143844	40.671875	1345.55955505
-111.829153894	40.671875	1362.59819031
-111.820163945	40.671875	1383.48433685
-111.811173995	40.671875	1421.83371734
-111.802184045	40.671875	1506.91448975
-111.793194095	40.671875	1615.3159256
-111.784204146	40.671875	1733.47650146
-111.775214196	40.671875	1856.24234009
-111.766224246	40.671875	1955.0247345
-111.757234297	40.671875	2122.76927185
-111.748244347	40.671875	2259.96136475
-111.739254397	40.671875	2432.68476868
-111.730264447	40.671875	2601.85232544
-111.721274498	40.671875	2715.26976013
-111.712284548	40.671875	2496.91438293
-111.703294598	40.671875	2497.2752533
-111.694304648	40.671875	2649.15757751
-111.685314699	40.671875	2934.94694519
-111.676324749	40.671875	2879.6084137
-111.667334799	40.671875	2749.37239075
-111.658344849	40.671875	2706.93435669
-111.6493549	40.671875	2634.30996704
-111.64036495	40.671875	2632.95722961
-111.631375	40.671875	2786.19468689
-111.62238505	40.671875	2777.46920776
-111.613395101	40.671875	2795.26713562
-111.604405151	40.671875	2847.51664734
-111.595415201	40.671875	2726.94070435
-111.586425251	40.671875	2611.60028076
-111.577435302	40.671875	2553.32911682
-111.568445352	40.671875	2377.36724854
-111.559455402	40.671875	2256.98262024
-111.550465452	40.671875	2252.16557312
-111.541475503	40.671875	2320.79750061
-111.532485553	40.671875	2181.32580566
-111.523495603	40.671875	2088.71813965
-111.514505653	40.671875	2060.13941956
-111.505515704	40.671875	2056.18261719
-111.496525754	40.671875	2056.38807678
-111.487535804	40.671875	2090.644104
-111.478545854	40.671875	2087.09989929
-111.469555904	40.671875	2067.87791443
-111.460565955	40.671875	2038.56881714
-111.451576005	40.671875	2027.22351074
-111.442586055	40.671875	2045.25406647
-111.433596106	40.671875	2050.88911438
-111.424606156	40.671875	2036.26264191
-111.415616206	40.671875	2071.05665588
-111.408873743	40.671875	2140.28948975
-111.853876257	40.662875	1325.04516602
-111.847133794	40.662875	1327.47016907
-111.838143844	40.662875	1335.40220642
-111.829153894	40.662875	1347.45675659
-111.820163945	40.662875	1364.62993622
-111.811173995	40.662875	1399.84169769
-111.802184045	40.662875	1555.33638763
-111.793194095	40.662875	1835.16334534
-111.784204146	40.662875	2130.23823547
-111.775214196	40.662875	2351.10077667
-111.766224246	40.662875	2312.1456604
-111.757234297	40.662875	2475.87039185
-111.748244347	40.662875	2566.10684204
-111.739254397	40.662875	2738.50811768
-111.730264447	40.662875	2790.29699707
-111.721274498	40.662875	2788.73554993
-111.712284548	40.662875	2748.32559204
-111.703294598	40.662875	2851.62069702
-111.694304648	40.662875	2818.48324585
-111.685314699	40.662875	2774.51060486
-111.676324749	40.662875	2741.17225647
-111.667334799	40.662875	2564.68769836
-111.658344849	40.662875	2572.90414429
-111.6493549	40.662875	2709.12234497
-111.64036495	40.662875	2708.64976501
-111.631375	40.662875	2621.47160339
-111.62238505	40.662875	2644.29502869
-111.613395101	40.662875	2768.46768189
-111.604405151	40.662875	2861.46710205
-111.595415201	40.662875	2849.31407166
-111.586425251	40.662875	2733.93373108
-111.577435302	40.662875	2610.77639771
-111.568445352	40.662875	2523.05218506
-111.559455402	40.662875	2400.94245911
-111.550465452	40.662875	2475.51628113
-111.541475503	40.662875	2550.28485107
-111.532485553	40.662875	2333.52774048
-111.523495603	40.662875	2159.33581543
-111.514505653	40.662875	2087.99719238
-111.505515704	40.662875	2085.36540222
-111.496525754	40.662875	2092.20597839
-111.487535804	40.662875	2103.27285766
-111.478545854	40.662875	2177.9730835
-111.469555904	40.662875	2225.90777588
-111.460565955	40.662875	2114.19680786
-111.451576005	40.662875	2066.19882965
-111.442586055	40.662875	2089.76005554
-111.433596106	40.662875	2148.56588745
-111.424606156	40.662875	1999.227211
-111.415616206	40.662875	1945.31278229
-111.408873743	40.662875	2013.05407715
-111.853876257	40.653875	1330.56402588
-111.847133794	40.653875	1333.388031
-111.838143844	40.653875	1341.66150665
-111.829153894	40.653875	1351.89169311
-111.820163945	40.653875	1358.34364319
-111.811173995	40.653875	1390.20896149
-111.802184045	40.653875	1613.8746109
-111.793194095	40.653875	1902.13221741
-111.784204146	40.653875	2152.31222534
-111.775214196	40.653875	2421.39337158
-111.766224246	40.653875	2484.99572754
-111.757234297	40.653875	2665.21965027
-111.748244347	40.653875	2775.84706116
-111.739254397	40.653875	2720.86508179
-111.730264447	40.653875	2625.78378296
-111.721274498	40.653875	2511.21737671
-111.712284548	40.653875	2662.03709412
-111.703294598	40.653875	2815.25584412
-111.694304648	40.653875	2778.97450256
-111.685314699	40.653875	2593.27760315
-111.676324749	40.653875	2522.88217163
-111.667334799	40.653875	2399.50611878
-111.658344849	40.653875	2366.57617188
-111.6493549	40.653875	2381.28608704
-111.64036495	40.653875	2506.29249573
-111.631375	40.653875	2505.18400574
-111.62238505	40.653875	2677.82434082
-111.613395101	40.653875	2787.80200195
-111.604405151	40.653875	2838.99151611
-111.595415201	40.653875	2944.36520386
-111.586425251	40.653875	2835.45259094
-111.577435302	40.653875	2728.34983826
-111.568445352	40.653875	2655.12127686
-111.559455402	40.653875	2577.93644714
-111.550465452	40.653875	2543.60920715
-111.541475503	40.653875	2595.365448
-111.532485553	40.653875	2356.92898559
-111.523495603	40.653875	2258.05038452
-111.514505653	40.653875	2185.12521362
-111.505515704	40.653875	2114.83349609
-111.496525754	40.653875	2199.25952148
-111.487535804	40.653875	2263.19419861
-111.478545854	40.653875	2218.37034607
-111.469555904	40.653875	2242.70452881
-111.460565955	40.653875	2153.77865601
-111.451576005	40.653875	2120.25344849
-111.442586055	40.653875	2042.57406616
-111.433596106	40.653875	1994.89305115
-111.424606156	40.653875	1908.60324097
-111.415616206	40.653875	1897.95261383
-111.408873743	40.653875	1944.25128174
-111.853876257	40.644875	1340.13310242
-111.847133794	40.644875	1341.68119812
-111.838143844	40.644875	1349.79757691
-111.829153894	40.644875	1361.13187408
-111.820163945	40.644875	1371.97969818
-111.811173995	40.644875	1387.233078
-111.802184045	40.644875	1485.74304962
-111.793194095	40.644875	1728.19629669
-111.784204146	40.644875	1914.28372192
-111.775214196	40.644875	2065.8821106
-111.766224246	40.644875	2311.37895203
-111.757234297	40.644875	2520.16365051
-111.748244347	40.644875	2423.50309753
-111.739254397	40.644875	2276.00666809
-111.730264447	40.644875	2442.22616577
-111.721274498	40.644875	2251.17910767
-111.712284548	40.644875	2391.32167053
-111.703294598	40.644875	2527.81317139
-111.694304648	40.644875	2431.64424133
-111.685314699	40.644875	2277.30090332
-111.676324749	40.644875	2263.27900696
-111.667334799	40.644875	2273.18757629
-111.658344849	40.644875	2284.1751709
-111.6493549	40.644875	2278.02610779
-111.64036495	40.644875	2292.78234863
-111.631375	40.644875	2417.78665161
-111.62238505	40.644875	2586.12713623
-111.613395101	40.644875	2578.57533264
-111.604405151	40.644875	2756.46560669
-111.595415201	40.644875	2812.22966004
-111.586425251	40.644875	2835.28198242
-111.577435302	40.644875	2889.95240784
-111.568445352	40.644875	2780.61878967
-111.559455402	40.644875	2687.16325379
-111.550465452	40.644875	2610.90159607
-111.541475503	40.644875	2660.79589844
-111.532485553	40.644875	2427.43411255
-111.523495603	40.644875	2444.82182312
-111.514505653	40.644875	2330.40589905
-111.505515704	40.644875	2272.65603638
-111.496525754	40.644875	2198.2184906
-111.487535804	40.644875	2225.91210938
-111.478545854	40.644875	2200.35494995
-111.469555904	40.644875	2243.70751953
-111.460565955	40.644875	2220.55192566
-111.451576005	40.644875	2053.52236939
-111.442586055	40.644875	1975.6207962
-111.433596106	40.644875	1912.09261322
-111.424606156	40.644875	1878.99656677
-111.415616206	40.644875	1880.65818024
-111.408873743	40.644875	1897.48104858
-111.853876257	40.635875	1345.22732544
-111.847133794	40.635875	1349.94159698
-111.838143844	40.635875	1356.75933838
-111.829153894	40.635875	1370.18906403
-111.820163945	40.635875	1391.21167755
-111.811173995	40.635875	1409.97637177
-111.802184045	40.635875	1447.72966003
-111.793194095	40.635875	1561.4917984
-111.784204146	40.635875	1798.15828705
-111.775214196	40.635875	2069.78618622
-111.766224246	40.635875	2224.27614594
-111.757234297	40.635875	2363.35896301
-111.748244347	40.635875	2143.25220489
-111.739254397	40.635875	2039.42609405
-111.730264447	40.635875	2012.68422699
-111.721274498	40.635875	2037.21842193
-111.712284548	40.635875	2134.59435272
-111.703294598	40.635875	2194.67053223
-111.694304648	40.635875	2259.53237915
-111.685314699	40.635875	2457.44665527
-111.676324749	40.635875	2517.86091614
-111.667334799	40.635875	2619.19216919
-111.658344849	40.635875	2520.09300232
-111.6493549	40.635875	2468.46354675
-111.64036495	40.635875	2453.51815796
-111.631375	40.635875	2442.31221008
-111.62238505	40.635875	2408.53547668
-111.613395101	40.635875	2419.59690857
-111.604405151	40.635875	2546.09606934
-111.595415201	40.635875	2623.54019165
-111.586425251	40.635875	2788.47242737
-111.577435302	40.635875	2946.80108643
-111.568445352	40.635875	2875.12054443
-111.559455402	40.635875	2810.06878662
-111.550465452	40.635875	2705.03857422
-111.541475503	40.635875	2710.67950439
-111.532485553	40.635875	2557.96669006
-111.523495603	40.635875	2593.93377686
-111.514505653	40.635875	2511.25442505
-111.505515704	40.635875	2436.26425171
-111.496525754	40.635875	2288.27987671
-111.487535804	40.635875	2335.43087769
-111.478545854	40.635875	2293.78813171
-111.469555904	40.635875	2332.08015442
-111.460565955	40.635875	2194.63731384
-111.451576005	40.635875	2039.7397995
-111.442586055	40.635875	1970.92874908
-111.433596106	40.635875	1899.45923614
-111.424606156	40.635875	1879.4845047
-111.415616206	40.635875	1878.20282745
-111.408873743	40.635875	1881.37983704
-111.853876257	40.626875	1357.01148987
-111.847133794	40.626875	1363.48777008
-111.838143844	40.626875	1372.97912598
-111.829153894	40.626875	1387.35314178
-111.820163945	40.626875	1413.12863159
-111.811173995	40.626875	1450.34781647
-111.802184045	40.626875	1455.22777557
-111.793194095	40.626875	1521.9112854
-111.784204146	40.626875	1707.80865478
-111.775214196	40.626875	1889.19694519
-111.766224246	40.626875	1762.99208832
-111.757234297	40.626875	1876.42420959
-111.748244347	40.626875	1878.68112183
-111.739254397	40.626875	1906.8061676
-111.730264447	40.626875	2136.17597961
-111.721274498	40.626875	2263.55999756
-111.712284548	40.626875	2199.83020019
-111.703294598	40.626875	2429.70121765
-111.694304648	40.626875	2357.6027832
-111.685314699	40.626875	2516.24087524
-111.676324749	40.626875	2786.5524292
-111.667334799	40.626875	2976.09307861
-111.658344849	40.626875	2627.75871277
-111.6493549	40.626875	2675.48316956
-111.64036495	40.626875	2548.02412414
-111.631375	40.626875	2664.9466095
-111.62238505	40.626875	2681.12188721
-111.613395101	40.626875	2494.37228394
-111.604405151	40.626875	2472.2098999
-111.595415201	40.626875	2520.95265198
-111.586425251	40.626875	2680.57710266
-111.577435302	40.626875	2773.81510925
-111.568445352	40.626875	2952.26759338
-111.559455402	40.626875	2870.01089478
-111.550465452	40.626875	2841.13941956
-111.541475503	40.626875	2717.7052002
-111.532485553	40.626875	2741.7035675
-111.523495603	40.626875	2698.8518219
-111.514505653	40.626875	2545.55270386
-111.505515704	40.626875	2415.39533997
-111.496525754	40.626875	2396.22659302
-111.487535804	40.626875	2479.23980713
-111.478545854	40.626875	2471.19717407
-111.469555904	40.626875	2322.41307068
-111.460565955	40.626875	2195.16441345
-111.451576005	40.626875	2063.79022217
-111.442586055	40.626875	1978.58738708
-111.433596106	40.626875	1938.81475067
-111.424606156	40.626875	1897.63935089
-111.415616206	40.626875	1878.30254364
-111.408873743	40.626875	1877.3558197
-111.853876257	40.617875	1373.18103027
-111.847133794	40.617875	1386.0455246
-111.838143844	40.617875	1399.48955536
-111.829153894	40.617875	1426.85483551
-111.820163945	40.617875	1456.81166077
-111.811173995	40.617875	1477.604393
-111.802184045	40.617875	1506.81460571
-111.793194095	40.617875	1518.64046478
-111.784204146	40.617875	1573.48957062
-111.775214196	40.617875	1689.40988159
-111.766224246	40.617875	1892.6147995
-111.757234297	40.617875	1997.05568695
-111.748244347	40.617875	2023.39211273
-111.739254397	40.617875	2137.69150543
-111.730264447	40.617875	2435.96180725
-111.721274498	40.617875	2418.60513306
-111.712284548	40.617875	2394.05603027
-111.703294598	40.617875	2447.61489868
-111.694304648	40.617875	2650.94822693
-111.685314699	40.617875	2550.47195435
-111.676324749	40.617875	2692.81324768
-111.667334799	40.617875	2947.3433075
-111.658344849	40.617875	2701.99354553
-111.6493549	40.617875	2767.24847412
-111.64036495	40.617875	2735.65724182
-111.631375	40.617875	2756.92512512
-111.62238505	40.617875	2696.65246582
-111.613395101	40.617875	2656.60977173
-111.604405151	40.617875	2698.67214966
-111.595415201	40.617875	2559.88941956
-111.586425251	40.617875	2592.12289429
-111.577435302	40.617875	2692.38682556
-111.568445352	40.617875	2829.49398804
-111.559455402	40.617875	2917.83087158
-111.550465452	40.617875	2826.92590332
-111.541475503	40.617875	2822.98634338
-111.532485553	40.617875	2812.3727417
-111.523495603	40.617875	2739.84773254
-111.514505653	40.617875	2625.05369568
-111.505515704	40.617875	2555.75668335
-111.496525754	40.617875	2570.67347717
-111.487535804	40.617875	2545.30534363
-111.478545854	40.617875	2522.30621338
-111.469555904	40.617875	2367.10678101
-111.460565955	40.617875	2239.64781189
-111.451576005	40.617875	2129.47963715
-111.442586055	40.617875	2010.75623322
-111.433596106	40.617875	1941.43643951
-111.424606156	40.617875	1889.0980835
-111.415616206	40.617875	1879.70215607
-111.408873743	40.617875	1875.48973084
-111.853876257	40.608875	1405.40138245
-111.847133794	40.608875	1400.85624695
-111.838143844	40.608875	1401.37865448
-111.829153894	40.608875	1421.23260498
-111.820163945	40.608875	1453.159935
-111.811173995	40.608875	1489.60536194
-111.802184045	40.608875	1527.15402985
-111.793194095	40.608875	1561.03787232
-111.784204146	40.608875	1772.03848267
-111.775214196	40.608875	2047.26500702
-111.766224246	40.608875	2197.16944885
-111.757234297	40.608875	2402.52549744
-111.748244347	40.608875	2555.45414734
-111.739254397	40.608875	2706.12080383
-111.730264447	40.608875	2745.74633789
-111.721274498	40.608875	2703.08843994
-111.712284548	40.608875	2686.80827332
-111.703294598	40.608875	2591.17895508
-111.694304648	40.608875	2671.14683533
-111.685314699	40.608875	2844.03488159
-111.676324749	40.608875	2816.39672851
-111.667334799	40.608875	3012.3106842
-111.658344849	40.608875	2824.85160828
-111.6493549	40.608875	2863.99589539
-111.64036495	40.608875	2951.84527588
-111.631375	40.608875	2864.44282532
-111.62238505	40.608875	2797.57693481
-111.613395101	40.608875	2882.6631012
-111.604405151	40.608875	2876.26394653
-111.595415201	40.608875	2729.78460693
-111.586425251	40.608875	2635.58998108
-111.577435302	40.608875	2701.51719665
-111.568445352	40.608875	2823.80523682
-111.559455402	40.608875	2927.4261322
-111.550465452	40.608875	2931.61682129
-111.541475503	40.608875	2864.94393921
-111.532485553	40.608875	2800.61911011
-111.523495603	40.608875	2761.13069153
-111.514505653	40.608875	2701.84126282
-111.505515704	40.608875	2711.71002197
-111.496525754	40.608875	2717.03588867
-111.487535804	40.608875	2712.65214539
-111.478545854	40.608875	2708.06330872
-111.469555904	40.608875	2480.7850647
-111.460565955	40.608875	2366.29133606
-111.451576005	40.608875	2232.19656372
-111.442586055	40.608875	2163.83106995
-111.433596106	40.608875	2014.70050049
-111.424606156	40.608875	1886.25092316
-111.415616206	40.608875	1877.95052338
-111.408873743	40.608875	1879.08444214
-111.853876257	40.599875	1415.96983337
-111.847133794	40.599875	1430.28496552
-111.838143844	40.599875	1433.01760864
-111.829153894	40.599875	1430.76270294
-111.820163945	40.599875	1440.74088287
-111.811173995	40.599875	1448.97686005
-111.802184045	40.599875	1505.57335663
-111.793194095	40.599875	1575.65112305
-111.784204146	40.599875	1816.69930267
-111.775214196	40.599875	2086.489151
-111.766224246	40.599875	2284.42990112
-111.757234297	40.599875	2512.20515442
-111.748244347	40.599875	2656.59475708
-111.739254397	40.599875	2784.93612671
-111.730264447	40.599875	2988.19601441
-111.721274498	40.599875	3077.92816162
-111.712284548	40.599875	2923.66403198
-111.703294598	40.599875	2918.19326782
-111.694304648	40.599875	2808.95152283
-111.685314699	40.599875	2935.29943848
-111.676324749	40.599875	3055.89854431
-111.667334799	40.599875	3116.83441162
-111.658344849	40.599875	2925.03620911
-111.6493549	40.599875	3005.12054443
-111.64036495	40.599875	3014.629776
-111.631375	40.599875	2971.69259644
-111.62238505	40.599875	2944.16947937
-111.613395101	40.599875	3049.72087097
-111.604405151	40.599875	2972.39094543
-111.595415201	40.599875	2870.51296997
-111.586425251	40.599875	2703.49145508
-111.577435302	40.599875	2764.59797669
-111.568445352	40.599875	2907.47926331
-111.559455402	40.599875	3049.03450012
-111.550465452	40.599875	2951.50909424
-111.541475503	40.599875	2838.84432983
-111.532485553	40.599875	2749.08581543
-111.523495603	40.599875	2676.93183899
-111.514505653	40.599875	2639.33396911
-111.505515704	40.599875	2626.94415283
-111.496525754	40.599875	2673.27836609
-111.487535804	40.599875	2757.14186096
-111.478545854	40.599875	2586.96458435
-111.469555904	40.599875	2413.30632019
-111.460565955	40.599875	2247.98065186
-111.451576005	40.599875	2174.3271637
-111.442586055	40.599875	2127.79071045
-111.433596106	40.599875	1970.94126129
-111.424606156	40.599875	1863.79688263
-111.415616206	40.599875	1886.01281738
-111.408873743	40.599875	1920.62561035
-111.853876257	40.590875	1430.96585083
-111.847133794	40.590875	1449.61790466
-111.838143844	40.590875	1464.51625824
-111.829153894	40.590875	1467.36949158
-111.820163945	40.590875	1478.030159
-111.811173995	40.590875	1485.98564911
-111.802184045	40.590875	1510.98969269
-111.793194095	40.590875	1572.42207336
-111.784204146	40.590875	1758.84538269
-111.775214196	40.590875	1981.54089355
-111.766224246	40.590875	2158.12690735
-111.757234297	40.590875	2376.62776184
-111.748244347	40.590875	2634.474823
-111.739254397	40.590875	2767.12440491
-111.730264447	40.590875	3069.15234375
-111.721274498	40.590875	3163.83958435
-111.712284548	40.590875	3178.75418091
-111.703294598	40.590875	3098.51405335
-111.694304648	40.590875	3120.06243896
-111.685314699	40.590875	3133.56402588
-111.676324749	40.590875	3125.67802429
-111.667334799	40.590875	3127.4803772
-111.658344849	40.590875	2924.76809692
-111.6493549	40.590875	2763.25236511
-111.64036495	40.590875	2691.85054016
-111.631375	40.590875	2688.28642273
-111.62238505	40.590875	2762.37374878
-111.613395101	40.590875	2997.42352295
-111.604405151	40.590875	3063.16114807
-111.595415201	40.590875	3005.01574707
-111.586425251	40.590875	2853.83084106
-111.577435302	40.590875	2861.58473206
-111.568445352	40.590875	2948.21456909
-111.559455402	40.590875	3108.70857239
-111.550465452	40.590875	3057.87255859
-111.541475503	40.590875	2938.94615173
-111.532485553	40.590875	2794.26858521
-111.523495603	40.590875	2703.95114136
-111.514505653	40.590875	2593.27609253
-111.505515704	40.590875	2550.33181763
-111.496525754	40.590875	2612.89518738
-111.487535804	40.590875	2656.91427612
-111.478545854	40.590875	2506.60177612
-111.469555904	40.590875	2360.33709717
-111.460565955	40.590875	2228.16729736
-111.451576005	40.590875	2078.39820862
-111.442586055	40.590875	1981.08071137
-111.433596106	40.590875	1843.0801239
-111.424606156	40.590875	1855.07204437
-111.415616206	40.590875	2013.98485565
-111.408873743	40.590875	2067.94140625
-111.853876257	40.581875	1440.32415771
-111.847133794	40.581875	1454.27398682
-111.838143844	40.581875	1462.01718903
-111.829153894	40.581875	1474.92990875
-111.820163945	40.581875	1496.24327087
-111.811173995	40.581875	1533.51348114
-111.802184045	40.581875	1558.64837646
-111.793194095	40.581875	1599.00856018
-111.784204146	40.581875	1803.16455841
-111.775214196	40.581875	2041.77899933
-111.766224246	40.581875	2289.03063965
-111.757234297	40.581875	2434.82623291
-111.748244347	40.581875	2536.54449463
-111.739254397	40.581875	2568.46264648
-111.730264447	40.581875	2616.08827209
-111.721274498	40.581875	2605.0844574
-111.712284548	40.581875	2768.88287354
-111.703294598	40.581875	2673.02496338
-111.694304648	40.581875	2747.32069397
-111.685314699	40.581875	2677.29489136
-111.676324749	40.581875	2591.93887329
-111.667334799	40.581875	2549.93226624
-111.658344849	40.581875	2537.97970581
-111.6493549	40.581875	2622.66604614
-111.64036495	40.581875	2841.41052246
-111.631375	40.581875	2924.77989197
-111.62238505	40.581875	2825.47227478
-111.613395101	40.581875	2897.71076965
-111.604405151	40.581875	3093.48553467
-111.595415201	40.581875	3096.69741821
-111.586425251	40.581875	3010.34416199
-111.577435302	40.581875	2976.86863709
-111.568445352	40.581875	2971.59121704
-111.559455402	40.581875	2931.39079285
-111.550465452	40.581875	2861.06784057
-111.541475503	40.581875	2763.05690002
-111.532485553	40.581875	2692.99964905
-111.523495603	40.581875	2601.03527832
-111.514505653	40.581875	2562.32626343
-111.505515704	40.581875	2462.15415955
-111.496525754	40.581875	2445.30368042
-111.487535804	40.581875	2588.61175537
-111.478545854	40.581875	2531.90686035
-111.469555904	40.581875	2337.54728699
-111.460565955	40.581875	2169.56483459
-111.451576005	40.581875	2030.65033722
-111.442586055	40.581875	1895.55870056
-111.433596106	40.581875	1809.0088501
-111.424606156	40.581875	1833.62966156
-111.415616206	40.581875	1981.21865845
-111.408873743	40.581875	2105.24453735
-111.853876257	40.572875	1432.9241333
-111.847133794	40.572875	1462.68016052
-111.838143844	40.572875	1475.17137146
-111.829153894	40.572875	1497.74942017
-111.820163945	40.572875	1526.73790741
-111.811173995	40.572875	1558.19285584
-111.802184045	40.572875	1580.26604462
-111.793194095	40.572875	1623.68393707
-111.784204146	40.572875	1688.54296875
-111.775214196	40.572875	1736.30473328
-111.766224246	40.572875	1809.61404419
-111.757234297	40.572875	1873.02230072
-111.748244347	40.572875	1929.75051117
-111.739254397	40.572875	1989.12915802
-111.730264447	40.572875	2037.12186432
-111.721274498	40.572875	2098.1390152
-111.712284548	40.572875	2192.37580872
-111.703294598	40.572875	2237.20481873
-111.694304648	40.572875	2308.62550354
-111.685314699	40.572875	2374.17959595
-111.676324749	40.572875	2501.4841919
-111.667334799	40.572875	2603.36781311
-111.658344849	40.572875	2684.06698608
-111.6493549	40.572875	2879.62562561
-111.64036495	40.572875	3062.07557678
-111.631375	40.572875	3111.58799744
-111.62238505	40.572875	3016.6131134
-111.613395101	40.572875	2960.68998718
-111.604405151	40.572875	3108.9021759
-111.595415201	40.572875	3064.10578918
-111.586425251	40.572875	2912.3682251
-111.577435302	40.572875	2707.56257629
-111.568445352	40.572875	2623.53286743
-111.559455402	40.572875	2602.67970276
-111.550465452	40.572875	2547.10453796
-111.541475503	40.572875	2448.28204346
-111.532485553	40.572875	2459.07870483
-111.523495603	40.572875	2441.50480652
-111.514505653	40.572875	2467.04141235
-111.505515704	40.572875	2272.40504456
-111.496525754	40.572875	2235.64358521
-111.487535804	40.572875	2337.41461182
-111.478545854	40.572875	2532.11930847
-111.469555904	40.572875	2442.92459106
-111.460565955	40.572875	2171.57662964
-111.451576005	40.572875	1987.48767853
-111.442586055	40.572875	1843.99660492
-111.433596106	40.572875	1779.58541107
-111.424606156	40.572875	1794.92047882
-111.415616206	40.572875	1906.21337128
-111.408873743	40.572875	2034.09291077
-111.853876257	40.563875	1424.72265625
-111.847133794	40.563875	1445.16986847
-111.838143844	40.563875	1469.24588013
-111.829153894	40.563875	1494.06350708
-111.820163945	40.563875	1518.70078278
-111.811173995	40.563875	1513.36334991
-111.802184045	40.563875	1584.74738312
-111.793194095	40.563875	1717.25452423
-111.784204146	40.563875	1879.05133057
-111.775214196	40.563875	2021.70166779
-111.766224246	40.563875	2118.66776276
-111.757234297	40.563875	2307.42743683
-111.748244347	40.563875	2379.95472717
-111.739254397	40.563875	2380.86521912
-111.730264447	40.563875	2441.59719849
-111.721274498	40.563875	2342.40592956
-111.712284548	40.563875	2372.9299469
-111.703294598	40.563875	2457.47442627
-111.694304648	40.563875	2574.19519043
-111.685314699	40.563875	2600.79234314
-111.676324749	40.563875	2867.26818848
-111.667334799	40.563875	2946.99325561
-111.658344849	40.563875	2904.03211975
-111.6493549	40.563875	3109.26983643
-111.64036495	40.563875	3184.06808472
-111.631375	40.563875	3137.29244995
-111.62238505	40.563875	3174.57595825
-111.613395101	40.563875	3093.91145325
-111.604405151	40.563875	3124.74794006
-111.595415201	40.563875	3028.38885498
-111.586425251	40.563875	2799.03111267
-111.577435302	40.563875	2806.4526062
-111.568445352	40.563875	2677.00944519
-111.559455402	40.563875	2559.56236267
-111.550465452	40.563875	2431.11512756
-111.541475503	40.563875	2279.21871948
-111.532485553	40.563875	2180.49913025
-111.523495603	40.563875	2194.22297669
-111.514505653	40.563875	2281.75540161
-111.505515704	40.563875	2231.79840088
-111.496525754	40.563875	2092.69364929
-111.487535804	40.563875	2138.13158417
-111.478545854	40.563875	2428.25294495
-111.469555904	40.563875	2299.38053894
-111.460565955	40.563875	2079.3414917
-111.451576005	40.563875	1937.31666565
-111.442586055	40.563875	1837.26504517
-111.433596106	40.563875	1755.95835876
-111.424606156	40.563875	1773.71401215
-111.415616206	40.563875	1882.44111633
-111.408873743	40.563875	1962.75552368
-111.853876257	40.554875	1435.31488037
-111.847133794	40.554875	1453.00608826
-111.838143844	40.554875	1465.92614746
-111.829153894	40.554875	1493.22724152
-111.820163945	40.554875	1513.1776123
-111.811173995	40.554875	1519.12614441
-111.802184045	40.554875	1573.52041626
-111.793194095	40.554875	1744.06076813
-111.784204146	40.554875	2024.1863327
-111.775214196	40.554875	2346.496521
-111.766224246	40.554875	2522.49539185
-111.757234297	40.554875	2498.68882752
-111.748244347	40.554875	2690.44502258
-111.739254397	40.554875	2928.45843506
-111.730264447	40.554875	2861.94636536
-111.721274498	40.554875	2669.27931213
-111.712284548	40.554875	2765.05337524
-111.703294598	40.554875	2786.72227478
-111.694304648	40.554875	2818.38877869
-111.685314699	40.554875	2793.87162781
-111.676324749	40.554875	2800.58398438
-111.667334799	40.554875	3111.28115845
-111.658344849	40.554875	3228.23100281
-111.6493549	40.554875	3255.45683289
-111.64036495	40.554875	3087.95401001
-111.631375	40.554875	2927.00050354
-111.62238505	40.554875	2825.01460266
-111.613395101	40.554875	2730.58853149
-111.604405151	40.554875	2652.19921875
-111.595415201	40.554875	2778.81703186
-111.586425251	40.554875	2685.8021698
-111.577435302	40.554875	2755.90866089
-111.568445352	40.554875	2822.95521545
-111.559455402	40.554875	2658.7809906
-111.550465452	40.554875	2586.89074707
-111.541475503	40.554875	2411.07267761
-111.532485553	40.554875	2202.3313446
-111.523495603	40.554875	2052.0140152
-111.514505653	40.554875	2047.83901977
-111.505515704	40.554875	2058.60783386
-111.496525754	40.554875	2034.66246796
-111.487535804	40.554875	1943.17914581
-111.478545854	40.554875	2111.48027039
-111.469555904	40.554875	2081.64082336
-111.460565955	40.554875	1917.67286682
-111.451576005	40.554875	1858.53401947
-111.442586055	40.554875	1832.10813141
-111.433596106	40.554875	1752.26130676
-111.424606156	40.554875	1747.84867859
-111.415616206	40.554875	1800.11527252
-111.408873743	40.554875	1845.81904602
-111.853876257	40.545875	1446.88809204
-111.847133794	40.545875	1460.39526367
-111.838143844	40.545875	1460.98397827
-111.829153894	40.545875	1479.318367
-111.820163945	40.545875	1514.26824951
-111.811173995	40.545875	1549.83439636
-111.802184045	40.545875	1696.88464356
-111.793194095	40.545875	2017.88769531
-111.784204146	40.545875	2297.64660644
-111.775214196	40.545875	2565.65072632
-111.766224246	40.545875	2793.88009644
-111.757234297	40.545875	2791.61749268
-111.748244347	40.545875	2879.10057068
-111.739254397	40.545875	3068.31658936
-111.730264447	40.545875	3178.36384582
-111.721274498	40.545875	2812.61849975
-111.712284548	40.545875	3000.36645508
-111.703294598	40.545875	3008.94676208
-111.694304648	40.545875	2949.31539917
-111.685314699	40.545875	3033.76977539
-111.676324749	40.545875	2953.17810058
-111.667334799	40.545875	3148.0430603
-111.658344849	40.545875	3251.52124023
-111.6493549	40.545875	3294.87754822
-111.64036495	40.545875	3049.64067078
-111.631375	40.545875	2874.95002747
-111.62238505	40.545875	2988.26589966
-111.613395101	40.545875	2838.14099121
-111.604405151	40.545875	2647.58255005
-111.595415201	40.545875	2460.43171692
-111.586425251	40.545875	2527.16363525
-111.577435302	40.545875	2705.77601624
-111.568445352	40.545875	2879.2635498
-111.559455402	40.545875	2789.26437378
-111.550465452	40.545875	2603.52522278
-111.541475503	40.545875	2445.190979
-111.532485553	40.545875	2273.74804688
-111.523495603	40.545875	2097.35209656
-111.514505653	40.545875	1954.18864441
-111.505515704	40.545875	1868.38460541
-111.496525754	40.545875	1865.73722076
-111.487535804	40.545875	1830.8670578
-111.478545854	40.545875	1958.18125916
-111.469555904	40.545875	1918.64769745
-111.460565955	40.545875	1830.61844635
-111.451576005	40.545875	1791.66919708
-111.442586055	40.545875	1750.11238098
-111.433596106	40.545875	1728.00203705
-111.424606156	40.545875	1728.15037537
-111.415616206	40.545875	1739.09148407
-111.408873743	40.545875	1766.60307312
-111.853876257	40.536875	1444.89859009
-111.847133794	40.536875	1450.69355774
-111.838143844	40.536875	1434.331604
-111.829153894	40.536875	1463.25538635
-111.820163945	40.536875	1521.76320648
-111.811173995	40.536875	1670.13356018
-111.802184045	40.536875	1883.52143097
-111.793194095	40.536875	2140.94635773
-111.784204146	40.536875	2450.83363342
-111.775214196	40.536875	2716.49606323
-111.766224246	40.536875	2926.27523804
-111.757234297	40.536875	2967.90299988
-111.748244347	40.536875	2947.79406738
-111.739254397	40.536875	3162.30247498
-111.730264447	40.536875	3173.14329529
-111.721274498	40.536875	2945.72279358
-111.712284548	40.536875	3110.97663879
-111.703294598	40.536875	3183.86837769
-111.694304648	40.536875	3127.15983582
-111.685314699	40.536875	3166.28413391
-111.676324749	40.536875	3176.53231812
-111.667334799	40.536875	3166.58778381
-111.658344849	40.536875	2949.23196411
-111.6493549	40.536875	3082.71658325
-111.64036495	40.536875	3045.73672485
-111.631375	40.536875	2833.87368774
-111.62238505	40.536875	2735.11399841
-111.613395101	40.536875	2746.74784851
-111.604405151	40.536875	2624.91908264
-111.595415201	40.536875	2434.93757629
-111.586425251	40.536875	2572.85333252
-111.577435302	40.536875	2774.26805115
-111.568445352	40.536875	2756.19963074
-111.559455402	40.536875	2649.21759033
-111.550465452	40.536875	2586.01147461
-111.541475503	40.536875	2505.89241028
-111.532485553	40.536875	2385.88565063
-111.523495603	40.536875	2315.28242493
-111.514505653	40.536875	2138.24858093
-111.505515704	40.536875	1941.51256561
-111.496525754	40.536875	1839.31798554
-111.487535804	40.536875	1765.07788086
-111.478545854	40.536875	1776.22876739
-111.469555904	40.536875	1763.0382843
-111.460565955	40.536875	1758.65742493
-111.451576005	40.536875	1729.51225281
-111.442586055	40.536875	1713.55339813
-111.433596106	40.536875	1716.22354889
-111.424606156	40.536875	1716.32222748
-111.415616206	40.536875	1715.01045227
-111.408873743	40.536875	1721.13072204
-111.853876257	40.527875	1406.86575318
-111.847133794	40.527875	1416.07911682
-111.838143844	40.527875	1421.72358704
-111.829153894	40.527875	1494.1855011
-111.820163945	40.527875	1735.21903992
-111.811173995	40.527875	2048.35747528
-111.802184045	40.527875	2195.03153992
-111.793194095	40.527875	2338.53144836
-111.784204146	40.527875	2614.65539551
-111.775214196	40.527875	2852.98861694
-111.766224246	40.527875	3104.15061951
-111.757234297	40.527875	3226.54832459
-111.748244347	40.527875	3086.37588501
-111.739254397	40.527875	3133.29273987
-111.730264447	40.527875	3190.7454071
-111.721274498	40.527875	3157.41146851
-111.712284548	40.527875	3131.69786072
-111.703294598	40.527875	3068.95397949
-111.694304648	40.527875	3084.47602844
-111.685314699	40.527875	3252.1010437
-111.676324749	40.527875	3084.13264465
-111.667334799	40.527875	2894.30851746
-111.658344849	40.527875	2679.24104309
-111.6493549	40.527875	2853.58927917
-111.64036495	40.527875	2764.51771545
-111.631375	40.527875	2772.20223999
-111.62238505	40.527875	2586.5665741
-111.613395101	40.527875	2427.13986206
-111.604405151	40.527875	2373.59732056
-111.595415201	40.527875	2420.81672668
-111.586425251	40.527875	2554.35009766
-111.577435302	40.527875	2609.15393066
-111.568445352	40.527875	2679.3288269
-111.559455402	40.527875	2546.55075073
-111.550465452	40.527875	2444.08822632
-111.541475503	40.527875	2435.09580994
-111.532485553	40.527875	2341.71899414
-111.523495603	40.527875	2212.57730103
-111.514505653	40.527875	2066.71407318
-111.505515704	40.527875	1965.66549683
-111.496525754	40.527875	1846.18144226
-111.487535804	40.527875	1756.03451538
-111.478545854	40.527875	1732.97119141
-111.469555904	40.527875	1725.00508118
-111.460565955	40.527875	1715.73099518
-111.451576005	40.527875	1700.48294067
-111.442586055	40.527875	1701.94316864
-111.433596106	40.527875	1704.16413879
-111.424606156	40.527875	1704.90613556
-111.415616206	40.527875	1703.96166992
-111.408873743	40.527875	1704.75291443
-111.853876257	40.518875	1382.48446655
-111.847133794	40.518875	1390.50756073
-111.838143844	40.518875	1443.02357483
-111.829153894	40.518875	1678.59933472
-111.820163945	40.518875	1958.16440582
-111.811173995	40.518875	2184.78294373
-111.802184045	40.518875	2384.37554932
-111.793194095	40.518875	2588.33737183
-111.784204146	40.518875	2783.83370972
-111.775214196	40.518875	2902.51231384
-111.766224246	40.518875	2959.05326843
-111.757234297	40.518875	2978.09170532
-111.748244347	40.518875	2966.2444458
-111.739254397	40.518875	2992.53529358
-111.730264447	40.518875	2995.73985291
-111.721274498	40.518875	3023.14884949
-111.712284548	40.518875	2806.43841553
-111.703294598	40.518875	2862.11499024
-111.694304648	40.518875	3001.88153076
-111.685314699	40.518875	3155.76933289
-111.676324749	40.518875	2906.07188415
-111.667334799	40.518875	2642.48695374
-111.658344849	40.518875	2511.11875916
-111.6493549	40.518875	2622.28540039
-111.64036495	40.518875	2563.55561829
-111.631375	40.518875	2448.06999207
-111.62238505	40.518875	2321.05171204
-111.613395101	40.518875	2347.70379639
-111.604405151	40.518875	2450.19854736
-111.595415201	40.518875	2550.18778992
-111.586425251	40.518875	2653.63066101
-111.577435302	40.518875	2744.75888061
-111.568445352	40.518875	2683.66448975
-111.559455402	40.518875	2461.89701843
-111.550465452	40.518875	2357.4309082
-111.541475503	40.518875	2333.37843323
-111.532485553	40.518875	2357.061203
-111.523495603	40.518875	2232.43702698
-111.514505653	40.518875	2054.33849335
-111.505515704	40.518875	1905.43080902
-111.496525754	40.518875	1809.61936951
-111.487535804	40.518875	1744.29839325
-111.478545854	40.518875	1719.31000519
-111.469555904	40.518875	1717.88559723
-111.460565955	40.518875	1714.90322113
-111.451576005	40.518875	1694.5149765
-111.442586055	40.518875	1691.90414429
-111.433596106	40.518875	1693.40090942
-111.424606156	40.518875	1694.94597626
-111.415616206	40.518875	1698.69584656
-111.408873743	40.518875	1705.25622559
-111.853876257	40.509875	1390.83653259
-111.847133794	40.509875	1405.05863953
-111.838143844	40.509875	1485.67325592
-111.829153894	40.509875	1764.7815628
-111.820163945	40.509875	2017.03622436
-111.811173995	40.509875	2196.20183563
-111.802184045	40.509875	2437.61714172
-111.793194095	40.509875	2582.05934143
-111.784204146	40.509875	2567.58853149
-111.775214196	40.509875	2560.68005371
-111.766224246	40.509875	2524.36531067
-111.757234297	40.509875	2545.12765503
-111.748244347	40.509875	2603.95483398
-111.739254397	40.509875	2658.30050659
-111.730264447	40.509875	2696.89857483
-111.721274498	40.509875	2590.80856323
-111.712284548	40.509875	2545.10601807
-111.703294598	40.509875	2712.58229065
-111.694304648	40.509875	2846.78189087
-111.685314699	40.509875	2881.81141663
-111.676324749	40.509875	2796.24346924
-111.667334799	40.509875	2610.80708313
-111.658344849	40.509875	2391.75848389
-111.6493549	40.509875	2468.94862366
-111.64036495	40.509875	2399.70684814
-111.631375	40.509875	2226.52365112
-111.62238505	40.509875	2325.69487
-111.613395101	40.509875	2554.98399353
-111.604405151	40.509875	2698.84135437
-111.595415201	40.509875	2651.6546936
-111.586425251	40.509875	2637.90422058
-111.577435302	40.509875	2796.88192749
-111.568445352	40.509875	2726.29008484
-111.559455402	40.509875	2565.70639038
-111.550465452	40.509875	2400.30534363
-111.541475503	40.509875	2272.72439575
-111.532485553	40.509875	2307.98753357
-111.523495603	40.509875	2338.86547852
-111.514505653	40.509875	2191.30536652
-111.505515704	40.509875	2010.49903107
-111.496525754	40.509875	1864.08205414
-111.487535804	40.509875	1746.04118347
-111.478545854	40.509875	1699.09893799
-111.469555904	40.509875	1698.31703186
-111.460565955	40.509875	1694.68956757
-111.451576005	40.509875	1685.9875412
-111.442586055	40.509875	1682.22580719
-111.433596106	40.509875	1686.12327576
-111.424606156	40.509875	1695.86302185
-111.415616206	40.509875	1706.44458771
-111.408873743	40.509875	1715.65307617
-111.853876257	40.500875	1437.41674805
-111.847133794	40.500875	1470.49554443
-111.838143844	40.500875	1522.92790985
-111.829153894	40.500875	1671.73781586
-111.820163945	40.500875	1820.19890594
-111.811173995	40.500875	1948.69920349
-111.802184045	40.500875	2106.19028473
-111.793194095	40.500875	2181.95043945
-111.784204146	40.500875	2133.50110626
-111.775214196	40.500875	2168.52276611
-111.766224246	40.500875	2181.46658325
-111.757234297	40.500875	2262.85273743
-111.748244347	40.500875	2295.99061584
-111.739254397	40.500875	2301.14149475
-111.730264447	40.500875	2284.7953949
-111.721274498	40.500875	2374.8414917
-111.712284548	40.500875	2592.10360718
-111.703294598	40.500875	2796.06060791
-111.694304648	40.500875	2893.8160553
-111.685314699	40.500875	2670.26043701
-111.676324749	40.500875	2459.61820984
-111.667334799	40.500875	2310.37989807
-111.658344849	40.500875	2286.69076538
-111.6493549	40.500875	2267.68728638
-111.64036495	40.500875	2146.37837219
-111.631375	40.500875	2181.66223145
-111.62238505	40.500875	2456.60713196
-111.613395101	40.500875	2711.09179687
-111.604405151	40.500875	2859.37957764
-111.595415201	40.500875	2856.31632996
-111.586425251	40.500875	2831.32267761
-111.577435302	40.500875	2994.36761475
-111.568445352	40.500875	2852.35942078
-111.559455402	40.500875	2616.02398682
-111.550465452	40.500875	2434.09442139
-111.541475503	40.500875	2264.17842102
-111.532485553	40.500875	2235.09719849
-111.523495603	40.500875	2301.54162598
-111.514505653	40.500875	2140.52718353
-111.505515704	40.500875	1975.70031738
-111.496525754	40.500875	1815.2515564
-111.487535804	40.500875	1707.07072449
-111.478545854	40.500875	1681.0574646
-111.469555904	40.500875	1677.70553589
-111.460565955	40.500875	1671.73246765
-111.451576005	40.500875	1674.06092071
-111.442586055	40.500875	1679.99607086
-111.433596106	40.500875	1690.68436432
-111.424606156	40.500875	1701.63944244
-111.415616206	40.500875	1712.43589783
-111.408873743	40.500875	1723.33625794
-111.853876257	40.491875	1545.95152283
-111.847133794	40.491875	1602.12332153
-111.838143844	40.491875	1641.87332153
-111.829153894	40.491875	1705.70837402
-111.820163945	40.491875	1739.75886536
-111.811173995	40.491875	1830.8324585
-111.802184045	40.491875	1911.7885437
-111.793194095	40.491875	1887.13989258
-111.784204146	40.491875	1805.80627441
-111.775214196	40.491875	1822.96969605
-111.766224246	40.491875	1894.49687195
-111.757234297	40.491875	1987.22544861
-111.748244347	40.491875	1984.80259705
-111.739254397	40.491875	2009.05955505
-111.730264447	40.491875	2154.26922607
-111.721274498	40.491875	2446.5380249
-111.712284548	40.491875	2748.26609802
-111.703294598	40.491875	3052.97611999
-111.694304648	40.491875	3161.34672546
-111.685314699	40.491875	2874.89836121
-111.676324749	40.491875	2583.86164856
-111.667334799	40.491875	2383.37097168
-111.658344849	40.491875	2165.98301697
-111.6493549	40.491875	2141.95894623
-111.64036495	40.491875	2108.04827118
-111.631375	40.491875	2182.38355255
-111.62238505	40.491875	2487.61447144
-111.613395101	40.491875	2660.91001892
-111.604405151	40.491875	2751.18275452
-111.595415201	40.491875	2650.21025085
-111.586425251	40.491875	2760.99824524
-111.577435302	40.491875	2947.90249634
-111.568445352	40.491875	2866.6164856
-111.559455402	40.491875	2662.30357361
-111.550465452	40.491875	2474.12159729
-111.541475503	40.491875	2230.40176392
-111.532485553	40.491875	2155.98693848
-111.523495603	40.491875	2230.39880371
-111.514505653	40.491875	2046.14303589
-111.505515704	40.491875	1850.11491394
-111.496525754	40.491875	1747.44277191
-111.487535804	40.491875	1687.9604187
-111.478545854	40.491875	1671.05643463
-111.469555904	40.491875	1663.25384521
-111.460565955	40.491875	1664.27996826
-111.451576005	40.491875	1672.03634644
-111.442586055	40.491875	1684.33083344
-111.433596106	40.491875	1696.7045517
-111.424606156	40.491875	1708.1365509
-111.415616206	40.491875	1719.69741058
-111.408873743	40.491875	1731.38276673
-111.853876257	40.482875	1718.42417908
-111.847133794	40.482875	1762.73764801
-111.838143844	40.482875	1829.60338593
-111.829153894	40.482875	1831.8735733
-111.820163945	40.482875	1800.87152862
-111.811173995	40.482875	1796.10006714
-111.802184045	40.482875	1863.54730224
-111.793194095	40.482875	1836.73616028
-111.784204146	40.482875	1702.24518585
-111.775214196	40.482875	1707.09659576
-111.766224246	40.482875	1741.79314423
-111.757234297	40.482875	1706.47303009
-111.748244347	40.482875	1769.49211884
-111.739254397	40.482875	2042.96715546
-111.730264447	40.482875	2360.07049561
-111.721274498	40.482875	2564.80297851
-111.712284548	40.482875	2686.32627869
-111.703294598	40.482875	2893.95565796
-111.694304648	40.482875	3038.3984375
-111.685314699	40.482875	2801.2482605
-111.676324749	40.482875	2578.55303955
-111.667334799	40.482875	2361.76254273
-111.658344849	40.482875	2162.50653076
-111.6493549	40.482875	2020.24810028
-111.64036495	40.482875	2024.34693146
-111.631375	40.482875	2121.10140228
-111.62238505	40.482875	2332.67778015
-111.613395101	40.482875	2403.25901794
-111.604405151	40.482875	2438.35742187
-111.595415201	40.482875	2507.58427429
-111.586425251	40.482875	2629.20089722
-111.577435302	40.482875	2691.99221802
-111.568445352	40.482875	2669.83888245
-111.559455402	40.482875	2418.58959961
-111.550465452	40.482875	2319.41552734
-111.541475503	40.482875	2149.78515625
-111.532485553	40.482875	2115.28188324
-111.523495603	40.482875	2061.39238739
-111.514505653	40.482875	1907.90458679
-111.505515704	40.482875	1774.72641754
-111.496525754	40.482875	1703.78858948
-111.487535804	40.482875	1671.8584137
-111.478545854	40.482875	1656.17014313
-111.469555904	40.482875	1657.48615265
-111.460565955	40.482875	1665.1147995
-111.451576005	40.482875	1678.27760315
-111.442586055	40.482875	1690.47657776
-111.433596106	40.482875	1704.34090424
-111.424606156	40.482875	1717.90935516
-111.415616206	40.482875	1731.13034821
-111.408873743	40.482875	1740.2482605
-111.853876257	40.473875	1877.88015747
-111.847133794	40.473875	1862.83846283
-111.838143844	40.473875	1893.27336884
-111.829153894	40.473875	1873.52313995
-111.820163945	40.473875	1758.21079254
-111.811173995	40.473875	1720.96955109
-111.802184045	40.473875	1735.82401276
-111.793194095	40.473875	1749.87656403
-111.784204146	40.473875	1642.74143982
-111.775214196	40.473875	1633.90020752
-111.766224246	40.473875	1598.72208404
-111.757234297	40.473875	1621.45592499
-111.748244347	40.473875	1714.34866333
-111.739254397	40.473875	1956.85160828
-111.730264447	40.473875	2174.73793793
-111.721274498	40.473875	2385.69497681
-111.712284548	40.473875	2762.52955627
-111.703294598	40.473875	2893.34413147
-111.694304648	40.473875	2964.74884033
-111.685314699	40.473875	2909.08718872
-111.676324749	40.473875	2865.87844849
-111.667334799	40.473875	2558.71960449
-111.658344849	40.473875	2226.35733032
-111.6493549	40.473875	2059.28694153
-111.64036495	40.473875	2190.53982544
-111.631375	40.473875	2200.31417847
-111.62238505	40.473875	2252.27409363
-111.613395101	40.473875	2312.45114136
-111.604405151	40.473875	2351.75657654
-111.595415201	40.473875	2470.45681763
-111.586425251	40.473875	2547.81864929
-111.577435302	40.473875	2429.56983948
-111.568445352	40.473875	2455.14181518
-111.559455402	40.473875	2302.01525879
-111.550465452	40.473875	2139.32575989
-111.541475503	40.473875	2044.36557007
-111.532485553	40.473875	2107.95176697
-111.523495603	40.473875	1942.63100433
-111.514505653	40.473875	1862.19099426
-111.505515704	40.473875	1813.47434998
-111.496525754	40.473875	1785.49537659
-111.487535804	40.473875	1723.81469727
-111.478545854	40.473875	1651.95505524
-111.469555904	40.473875	1659.34143829
-111.460565955	40.473875	1672.27351379
-111.451576005	40.473875	1685.36236572
-111.442586055	40.473875	1698.3529892
-111.433596106	40.473875	1712.25309753
-111.424606156	40.473875	1726.22794342
-111.415616206	40.473875	1738.59453583
-111.408873743	40.473875	1743.11131287
-111.853876257	40.464875	1971.0045166
-111.847133794	40.464875	1855.30010986
-111.838143844	40.464875	1771.23988342
-111.829153894	40.464875	1750.62524414
-111.820163945	40.464875	1689.00588226
-111.811173995	40.464875	1631.91629791
-111.802184045	40.464875	1605.67662811
-111.793194095	40.464875	1631.60887909
-111.784204146	40.464875	1583.04561615
-111.775214196	40.464875	1544.45639801
-111.766224246	40.464875	1553.30590057
-111.757234297	40.464875	1576.23000336
-111.748244347	40.464875	1705.01742554
-111.739254397	40.464875	1977.10036469
-111.730264447	40.464875	2284.35775757
-111.721274498	40.464875	2634.03970337
-111.712284548	40.464875	2692.41371155
-111.703294598	40.464875	2599.70977783
-111.694304648	40.464875	2488.82374573
-111.685314699	40.464875	2481.74504089
-111.676324749	40.464875	2686.17372131
-111.667334799	40.464875	2441.82290649
-111.658344849	40.464875	2037.27581787
-111.6493549	40.464875	2201.83838653
-111.64036495	40.464875	2419.05249023
-111.631375	40.464875	2365.47732544
-111.62238505	40.464875	2364.0284729
-111.613395101	40.464875	2408.79426575
-111.604405151	40.464875	2446.46548462
-111.595415201	40.464875	2453.28953552
-111.586425251	40.464875	2411.33587646
-111.577435302	40.464875	2367.41093445
-111.568445352	40.464875	2192.40809631
-111.559455402	40.464875	2082.76295471
-111.550465452	40.464875	2002.12352753
-111.541475503	40.464875	2028.05220032
-111.532485553	40.464875	2024.68080902
-111.523495603	40.464875	1912.15644836
-111.514505653	40.464875	1802.77484131
-111.505515704	40.464875	1855.67290497
-111.496525754	40.464875	1881.31684876
-111.487535804	40.464875	1701.87284851
-111.478545854	40.464875	1652.34864044
-111.469555904	40.464875	1660.68782043
-111.460565955	40.464875	1674.49049378
-111.451576005	40.464875	1694.10514831
-111.442586055	40.464875	1720.10305786
-111.433596106	40.464875	1723.44419098
-111.424606156	40.464875	1763.13227844
-111.415616206	40.464875	1792.40437317
-111.408873743	40.464875	1784.29574585
-111.853876257	40.455875	1826.89247131
-111.847133794	40.455875	1785.89180756
-111.838143844	40.455875	1670.46147919
-111.829153894	40.455875	1639.1837616
-111.820163945	40.455875	1600.44119263
-111.811173995	40.455875	1561.5591507
-111.802184045	40.455875	1545.28553009
-111.793194095	40.455875	1540.80204773
-111.784204146	40.455875	1521.44243622
-111.775214196	40.455875	1519.94786835
-111.766224246	40.455875	1525.96229553
-111.757234297	40.455875	1553.77220154
-111.748244347	40.455875	1677.12253571
-111.739254397	40.455875	1961.53775024
-111.730264447	40.455875	2346.9404602
-111.721274498	40.455875	2563.01130676
-111.712284548	40.455875	2278.43647766
-111.703294598	40.455875	2370.47389221
-111.694304648	40.455875	2237.92961121
-111.685314699	40.455875	2222.35529328
-111.676324749	40.455875	2301.13491821
-111.667334799	40.455875	2112.46475983
-111.658344849	40.455875	1965.2268219
-111.6493549	40.455875	2196.89048767
-111.64036495	40.455875	2414.74642944
-111.631375	40.455875	2489.00421143
-111.62238505	40.455875	2469.31306457
-111.613395101	40.455875	2415.36607361
-111.604405151	40.455875	2321.60733032
-111.595415201	40.455875	2301.13322449
-111.586425251	40.455875	2274.01159668
-111.577435302	40.455875	2272.8843689
-111.568445352	40.455875	2193.3971405
-111.559455402	40.455875	2065.37421417
-111.550465452	40.455875	1934.55764007
-111.541475503	40.455875	2047.41886902
-111.532485553	40.455875	2059.59324646
-111.523495603	40.455875	1938.49233246
-111.514505653	40.455875	1810.59304047
-111.505515704	40.455875	1743.23757172
-111.496525754	40.455875	1746.98242187
-111.487535804	40.455875	1685.85572052
-111.478545854	40.455875	1656.30975342
-111.469555904	40.455875	1704.77690887
-111.460565955	40.455875	1807.55348206
-111.451576005	40.455875	1867.60826111
-111.442586055	40.455875	1974.0752182
-111.433596106	40.455875	1912.63640594
-111.424606156	40.455875	1845.23091126
-111.415616206	40.455875	1913.30570221
-111.408873743	40.455875	1951.50088501
-111.853876257	40.446875	1644.25611877
-111.847133794	40.446875	1617.24229431
-111.838143844	40.446875	1576.35516358
-111.829153894	40.446875	1547.63933563
-111.820163945	40.446875	1525.3735199
-111.811173995	40.446875	1513.05442047
-111.802184045	40.446875	1504.75514984
-111.793194095	40.446875	1498.31362915
-111.784204146	40.446875	1500.46333313
-111.775214196	40.446875	1517.68501282
-111.766224246	40.446875	1537.98384094
-111.757234297	40.446875	1557.18348694
-111.748244347	40.446875	1752.8298645
-111.739254397	40.446875	2151.66034699
-111.730264447	40.446875	2275.65365601
-111.721274498	40.446875	2135.14337921
-111.712284548	40.446875	1904.82925415
-111.703294598	40.446875	1913.59377289
-111.694304648	40.446875	1965.5832901
-111.685314699	40.446875	1999.30725861
-111.676324749	40.446875	2020.64007568
-111.667334799	40.446875	2115.55471039
-111.658344849	40.446875	2243.6456604
-111.6493549	40.446875	2109.12289429
-111.64036495	40.446875	2121.76137543
-111.631375	40.446875	2273.02075195
-111.62238505	40.446875	2405.4200592
-111.613395101	40.446875	2348.34512329
-111.604405151	40.446875	2328.14154053
-111.595415201	40.446875	2244.4606781
-111.586425251	40.446875	2147.42247009
-111.577435302	40.446875	2129.50101471
-111.568445352	40.446875	2070.84203339
-111.559455402	40.446875	1975.78979492
-111.550465452	40.446875	1909.73500061
-111.541475503	40.446875	2036.97076416
-111.532485553	40.446875	2131.17266846
-111.523495603	40.446875	2006.36535645
-111.514505653	40.446875	1850.89322663
-111.505515704	40.446875	1705.71782684
-111.496525754	40.446875	1656.62065887
-111.487535804	40.446875	1652.4461441
-111.478545854	40.446875	1663.19715881
-111.469555904	40.446875	1725.10519409
-111.460565955	40.446875	1834.8303833
-111.451576005	40.446875	1958.85090637
-111.442586055	40.446875	2042.37559509
-111.433596106	40.446875	2085.03464508
-111.424606156	40.446875	1987.65126801
-111.415616206	40.446875	2032.08434296
-111.408873743	40.446875	2073.15887451
-111.853876257	40.437875	1511.54234314
-111.847133794	40.437875	1505.87268829
-111.838143844	40.437875	1498.5038681
-111.829153894	40.437875	1494.99446106
-111.820163945	40.437875	1492.41928864
-111.811173995	40.437875	1480.35141754
-111.802184045	40.437875	1482.0480957
-111.793194095	40.437875	1490.52383423
-111.784204146	40.437875	1499.93032074
-111.775214196	40.437875	1509.4026413
-111.766224246	40.437875	1530.27282715
-111.757234297	40.437875	1568.29586792
-111.748244347	40.437875	1741.74340057
-111.739254397	40.437875	1881.18333435
-111.730264447	40.437875	1805.7119751
-111.721274498	40.437875	1797.42505646
-111.712284548	40.437875	2048.74112701
-111.703294598	40.437875	2254.24385834
-111.694304648	40.437875	2158.90930176
-111.685314699	40.437875	2390.68582153
-111.676324749	40.437875	2386.64759827
-111.667334799	40.437875	2421.00256348
-111.658344849	40.437875	2467.19424438
-111.6493549	40.437875	2325.03419495
-111.64036495	40.437875	2280.32929993
-111.631375	40.437875	2249.04214478
-111.62238505	40.437875	2376.54653931
-111.613395101	40.437875	2398.62117004
-111.604405151	40.437875	2445.03172302
-111.595415201	40.437875	2411.91889954
-111.586425251	40.437875	2208.55917358
-111.577435302	40.437875	2100.26028442
-111.568445352	40.437875	1979.390625
-111.559455402	40.437875	1885.88452148
-111.550465452	40.437875	1931.77665711
-111.541475503	40.437875	2049.61987305
-111.532485553	40.437875	2024.13066864
-111.523495603	40.437875	1936.09118652
-111.514505653	40.437875	1766.86282349
-111.505515704	40.437875	1663.77776337
-111.496525754	40.437875	1652.16749573
-111.487535804	40.437875	1747.07034302
-111.478545854	40.437875	1787.97439575
-111.469555904	40.437875	1812.295578
-111.460565955	40.437875	1844.54718018
-111.451576005	40.437875	1864.94007873
-111.442586055	40.437875	1926.83686066
-111.433596106	40.437875	2051.76191711
-111.424606156	40.437875	2152.21365356
-111.415616206	40.437875	2163.85229492
-111.408873743	40.437875	2181.24478149
-111.853876257	40.431125	1455.51620483
-111.847133794	40.431125	1458.82946777
-111.838143844	40.431125	1468.1162262
-111.829153894	40.431125	1470.95895386
-111.820163945	40.431125	1469.7616272
-111.811173995	40.431125	1471.20439148
-111.802184045	40.431125	1486.26412964
-111.793194095	40.431125	1492.03118897
-111.784204146	40.431125	1502.32261658
-111.775214196	40.431125	1511.68257141
-111.766224246	40.431125	1535.82537842
-111.757234297	40.431125	1550.77944946
-111.748244347	40.431125	1479.20289612
-111.739254397	40.431125	1390.90621948
-111.730264447	40.431125	1679.35566711
-111.721274497	40.431125	2128.85458374
-111.712284548	40.431125	2457.54412842
-111.703294598	40.431125	2520.98876953
-111.694304648	40.431125	2314.66650391
-111.685314699	40.431125	2490.9234314
-111.676324749	40.431125	2544.73342895
-111.667334799	40.431125	2542.75027466
-111.658344849	40.431125	2558.22442627
-111.649354899	40.431125	2447.60946655
-111.64036495	40.431125	2314.8829956
-111.631375	40.431125	2298.83822632
-111.62238505	40.431125	2416.46539307
-111.613395101	40.431125	2461.85559082
-111.604405151	40.431125	2522.5939331
-111.595415201	40.431125	2574.32449341
-111.586425251	40.431125	2363.04589843
-111.577435302	40.431125	2211.64068604
-111.568445352	40.431125	2029.9863739
-111.559455402	40.431125	1821.45277405
-111.550465452	40.431125	1873.22344971
-111.541475503	40.431125	1941.39056396
-111.532485553	40.431125	1896.33401489
-111.523495603	40.431125	1829.61874389
-111.514505653	40.431125	1685.64421081
-111.505515704	40.431125	1638.39299011
-111.496525754	40.431125	1641.26077271
-111.487535804	40.431125	1701.31860352
-111.478545854	40.431125	1885.34388733
-111.469555904	40.431125	1854.25283814
-111.460565955	40.431125	1796.45729065
-111.451576005	40.431125	1823.03547668
-111.442586055	40.431125	1933.2661438
-111.433596106	40.431125	1928.91722107
-111.424606156	40.431125	2082.75726318
-111.415616206	40.431125	2108.85037231
-111.408873743	40.431125	2164.13708496
