6.858   45.900   1390.6943   2.05559302853128   0.5   3
6.895   45.871   3451.5400   3.19466165217888   1.0   3
6.903   45.864   3246.6960   3.01452581629935   0.6   3
6.922   45.857   3111.1143   2.87412854434618   1.0   3
6.930   45.839   2970.4541   3.02825478811577   0.2   3
6.865   45.896   1697.8835   2.20976899934653   0.8   3
6.872   45.890   2195.8047   2.52270446970926   0.3   3
6.946   45.832   2219.6060   8.57271554044834   0.8   3
6.879   45.887   2557.2920   2.64349163948664   1.0   3
6.907   45.857   3287.9146   2.9603972091118    0.8   3
6.902   45.869   3265.0276   3.04071597792013   0.6   3
6.888   45.878   3345.3303   3.20749459516383   0.7   3
7.102   46.165   1875.8220   2.86541945608387   0.1   3
7.108   46.162   1649.1570   2.74085179895856   0.1   3
7.107   46.158   1406.1040   2.44927803584504   0.1   3
7.108   46.156   1263.8696   2.30840043625081   0.1   3
7.127   46.158    917.6437   2.19251952243772   0.1   3
7.116   46.149    739.8118   2.02893416307167   0.1   3
7.086   46.126   586.0803   1.93414023026244   0.1   3
7.342   45.772   1312.8027   13.7891058639748   1.2   1
7.366   45.720   1061.5891   13.8343189090695   3.1   1
7.381   45.760   1072.7056   13.2647910087124   2.4   1
7.386   45.755    867.7319   12.9290861161411   1.9   1
7.388   45.720   1200.8871   14.5938978601972   2.0   1
7.390   45.749    685.1015   12.1639708862364   1.6   1
7.402   45.742    560.4642   12.1684242665386   2.8   1
7.412   45.713   1265.6370   14.4147711939479   2.8   1
6.874   45.888   2354.2327   3.58448140851478   2.8   1
6.355   45.297    609.3281   2.88644290511771   0.4   1
6.520   45.455    840.2394   2.9504774459784   0.7   1
6.414   45.259    784.6368   11.113993016443   0.5   1
6.576   45.496    935.7536   3.21400417011195   0.3   1
6.622   45.442   1088.8625   12.7996587151518   0.8   1
6.539   45.473    824.8685   3.30945308474495   0.5   1
6.539   45.473    824.8685   3.14279911024065   0.2   1
6.539   45.473    824.8685   3.12842095800666   0.2   1
6.467   45.207   1021.4956   11.8812536499081   1.3   1
6.752   45.610   1012.1242   11.6958356442325   0.4   1
6.774   45.600   1012.1100   12.197608264268   1.3   1
6.775   45.590   1202.4214   12.742539130395   1.2   1
6.467   45.195   1376.9291   13.3877608078717   1.3   1
6.783   45.590   1409.0063   12.9156471415205   1.1   1
6.428   45.211   1437.8904   13.2734779662693   1.1   1
6.407   45.231   1429.1659   13.9266789416227   0.5   1
6.415   45.222   1586.6438   14.4470678615103   1.0   1
6.790   45.589   1615.8514   14.5930639303236   1.3   1
6.626   45.606   1852.5569   3.48332304721708   0.8   1
6.866   45.699   2292.9868   13.9280966994168   0.2   1
6.888   45.672   2353.0347   15.5940705553643   1.0   1
6.496   45.522    550.8932   2.88916594615674   0.3   1
6.494   45.529    627.6216   2.85487702180069   0.3   1
6.322   45.312    884.8304   2.96235498282516   0.4   1
6.602   45.450    926.9095   11.2245219351484   0.7   1
6.388   45.280   1294.7985   13.0476623927829   0.4   1
6.739   45.610   1254.4888   11.6838599667142   0.6   1
6.330   45.299   1394.3618   3.75280731832331   0.5   1
6.316   45.305   1546.0192   3.92765987297127   3.3   1
6.458   45.186   1778.8942   14.9167040831065   1.6   1
6.905   45.677   2490.9148   16.3185260185448   0.8   1
6.903   45.681   2455.5042   15.5902983072014   0.8   1
6.817   45.771   2856.1052   3.96754513253622   0.6   1
6.867   45.897   1710.4624   3.2546910639586   0.2   1
6.873   45.891   2191.8367   3.60676197363056   0.4   1
6.879   45.886   2605.9290   3.91347146893946   0.2   1
6.883   45.882   2917.9729   4.26290921557985   0.4   1
6.895   45.871   3451.5400   4.72331050809489   0.7   1
6.903   45.864   3246.6960   4.04480656863729   1.1   1
6.922   45.857   3111.1143   4.04997750452393   0.8   1
6.916   45.851   3253.2773   4.19776830185316   0.7   1
6.923   45.845   3175.3186   4.43005499263717   0.7   1
6.930   45.839   2970.4541   4.06581351760808   0.6   1
6.940   45.829   2151.8420   3.77519575440577   0.7   1
6.879   45.887   2557.2920   3.89440913667977   0.3   1
6.872   45.890   2195.8047   3.44787560809423   0.3   1
6.869   45.893   1956.2596   3.21577559422831   0.4   1
6.865   45.896   1697.8835   3.17435423719952   0.3   1
6.858   45.900   1390.6943   2.93792033400814   0.3   1
6.902   45.869   3265.0276   4.47914457067747   1.0   1
6.907   45.857   3287.9146   4.27242535585921   0.8   1
6.928   45.850   3202.5842   4.55999661306971   0.5   1
6.888   45.878   3345.3303   4.52289499596519   0.8   1
6.950   45.828   1899.5486   12.6848575963638   0.7   1
6.939   45.839   2803.6082   4.22521840838335   0.6   1
6.940   45.837   2654.8767   4.14053664432349   1.1   1
6.941   45.834   2447.2134   3.86503404913352   0.6   1
6.946   45.832   2219.6060   12.7108125772984   0.6   1
7.044   45.872   2058.6616   13.1463264251491   0.6   1
6.963   45.802   1383.7190   11.6419296245471   0.7   1
6.917   45.806   1935.6478   11.9892230750014   0.2   1
6.933   45.844   3157.7292   4.51309221253271   1.7   1
7.033   45.750   1152.4814   11.659833095751   3.0   1
7.458   46.148   1239.0045   12.5155990982153   1.6   1
7.373   45.841   1261.1990   13.0026286712716   1.1   1
7.431   45.431    873.1515   12.1221397346935   1.1   1
7.338   45.440   1187.0021   13.1254301703807   1.2   1
7.213   45.429   1991.3220   14.1955091989248   1.8   1
7.178   45.450   1932.8658   13.9259498755292   2.4   1
7.267   45.513   3637.3342   23.4641108516045   3.1   1
7.292   45.512   3344.5913   19.8464580150766   4.8   1
6.285   45.379    580.1769   2.83709244849099   0.2   1
6.282   45.349    742.7081   2.82551215076755   0.2   1
6.277   45.350    953.0220   3.11553770356105   0.2   1
6.269   45.370    761.6827   2.99300134319965   0.3   1
6.252   45.358   1694.5641   3.52771640489496   0.2   1
6.245   45.360   1608.5393   3.43257143226148   0.2   1
6.233   45.363   1645.1132   3.62274556923413   0.1   1
6.192   45.370   1894.0029   3.52793622185155   0.1   1
6.325   45.318    704.8237   2.88426051509266   0.2   1
6.342   45.299    989.0768   3.31633056201619   0.2   1
6.362   45.257   1057.7548   12.4111761547054   0.4   1
6.291   45.385    920.2772   3.04102505094186   0.3   1
6.266   45.357   1310.4172   3.353698698851   0.1   1
6.301   45.391   1295.5474   3.38911111918508   0.3   1
6.307   45.317    990.3305   3.07356233832023   0.2   1
6.338   45.345   1401.2373   3.45953525902668   0.2   1
6.255   45.366   1275.2255   3.15902231411737   0.4   1
6.377   45.251    962.4076   12.5171600926356   0.3   1
6.202   45.378   2244.0518   4.10022819916526   0.1   1
6.318   45.314    798.0374   2.99165277654552   0.3   1
6.258   45.343   1594.1429   3.66031091531312   0.2   1
6.308   45.402   1552.5139   3.6653063394918   0.2   1
6.254   45.348   1916.1484   3.89916101916907   0.4   1
6.359   45.246   1287.5684   13.5560088683642   0.7   1
6.301   45.309   1646.9521   3.75950379880304   0.4   1
6.305   45.310   1460.5354   3.64938163216358   0.2   1
6.245   45.349   2093.3457   4.09915231162114   0.2   1
6.195   45.364   2183.3096   3.87899662718963   0.2   1
6.240   45.346   2073.2898   3.80419288597039   0.5   1
6.235   45.348   2219.4902   4.20516843762993   0.2   1
6.228   45.371   2009.8917   3.70871086407984   0.2   1
6.225   45.359   1696.2103   3.32181991872773   0.2   1
6.220   45.356   2337.6040   4.10648071361342   0.2   1
6.846   45.915   1222.6893   2.71260031251502   0.6   1
6.891   45.874   3525.5679   4.51873610258373   1.0   1
6.934   45.835   2660.3467   4.01472016598483   0.5   1
6.910   45.857   3228.1860   4.19188188334472   0.4   1
6.854   45.895   1479.5000   2.95466660109386   0.3   1
6.838   45.934   2146.7727   3.7965867530439   0.9   1
6.888   45.878   3345.3303   4.34828224358132   0.8   1
6.867   45.830   4616.6792   5.64305123240796   0.6   1
7.204   45.627   1667.1820   13.840590832898   2.7   1
7.122   45.724   1477.5627   14.0851858398475   3.4   1
7.491   45.795   1639.4523   14.5144368506358   7.5   1
7.209   45.604   1822.9781   14.6002959263545   2.4   1
7.056   45.608   1851.1198   13.342143815272   2.4   1
6.820   45.172   2249.6133   15.640223675319   9.3   1
7.025   45.611   2547.1787   16.3527173747407   4.7   1
7.233   45.503   2824.5715   15.9607131016972   4.6   1
7.167   45.795   2440.4604   16.8756517330843   1.6   1
7.045   45.635   2660.5347   16.9068780665098   3.9   1
7.178   45.772   2556.4536   16.949966683265   4.1   1
7.440   45.563   2772.1589   17.7092329567331   1.0   1
7.119   45.605   2507.9509   17.0992178141436   8.7   1
7.238   45.623   2764.9060   18.969626728331   3.2   1
7.238   45.621   2814.6880   18.2835739362154   4.6   1
7.388   45.649   2899.5176   17.2159843442407   1.0   1
7.289   45.584   2876.4658   17.002253306361   5.4   1
7.098   45.603   2792.9026   17.0624713753767   5.6   1
7.249   45.520   3238.6389   18.5540103166168   3.7   1
7.031   45.627   2853.4587   17.7197607746664   3.2   1
7.234   45.620   2794.1094   18.0129261494926   2.6   1
6.117   45.208   1899.2446   3.29040477204907   2.0   1
7.164   46.164    656.8917   2.98802717083717   0.2   1
7.074   46.091    779.3555   2.91788745756226   0.4   1
6.555   45.712    997.7153   2.82194813707269   0.2   1
7.085   45.725   1057.7870   12.2511112070892   0.4   1
7.127   46.084   1014.7365   3.0260009945271   0.2   1
6.601   45.702   1295.3135   3.16035046919215   0.1   1
7.094   46.089   1108.0625   3.4227097641217   0.4   1
6.848   45.916   1224.4786   2.84317531330255   0.3   1
7.259   46.060   1260.2177   11.82503856649   2.1   1
7.277   46.046   1318.0912   11.7700545232854   4.0   1
6.862   45.902   1418.4111   2.9593903964386   0.2   1
6.973   45.803   1453.2301   11.5614573234855   0.2   1
7.122   46.097   1205.3956   3.29350758346421   0.2   1
7.228   46.088   1354.1769   12.4116280537947   0.7   1
7.295   46.033   1538.3053   11.5831541850305   6.0   1
6.618   45.697   1380.7094   3.08107442562209   0.2   1
6.626   45.694   1534.2441   3.13186895346674   0.3   1
7.023   46.200    457.4918   2.5082167428907   0.4   1
7.030   46.155    582.3373   2.67688654799538   0.4   1
7.165   46.143    541.2501   2.70618500177391   0.3   1
7.069   46.107    471.7674   2.77326194105915   0.6   1
7.549   46.279    692.8287   12.2440899387864   1.5   1
7.231   46.075   1057.4010   11.6330966068501   0.8   1
7.255   46.247   1207.5636   3.14985475791086   1.0   1
7.033   45.750   1152.4814   12.7887891656152   3.0   1
7.089   45.983   1950.9716   3.53168129728136   0.7   1
7.560   46.162   2111.4475   14.848326692957   2.3   1
7.274   46.128   2245.2986   14.9894785243398   1.5   1
7.034   46.013   2599.4963   3.84362186827145   0.9   1
6.986   45.944   2788.5186   3.95711580434125   0.5   1
7.487   46.371   2811.0225   4.41258424564528   0.7   1
7.012   45.989   3255.1287   4.48487070625868   2.0   1
7.017   45.985   3256.7136   4.17890374322617   1.2   1
7.431   45.154    668.9224   35.1309677184513   7.0   2
7.441   45.171    867.6548   33.8844568007221   4.0   2
6.874   45.888   2354.2327   7.66930461732669   2.7   2
6.414   45.259    784.6368   33.2601623393423   4.0   2
6.539   45.473    824.8685   6.90873958951861   1.6   2
6.539   45.473    824.8685   7.44323810649056   1.5   2
6.539   45.473    824.8685   7.17090185129431   1.5   2
6.539   45.473    824.8685   7.44905904136709   1.6   2
6.401   45.239   1118.5776   34.0890249191783   4.0   2
6.775   45.590   1202.4214   35.0196477620944   1.9   2
6.502   45.368   1582.6833   34.9885715922405   18.0   2
6.775   45.662   1396.7057   32.2446907540552   1.5   2
6.783   45.590   1409.0063   35.2831775726026   2.3   2
6.428   45.211   1437.8904   32.9216461661184   11.0   2
6.407   45.231   1429.1659   35.2485744793196   7.0   2
6.415   45.222   1586.6438   33.1959015678788   1.0   2
6.790   45.589   1615.8514   33.4596697652016   2.3   2
6.490   45.350   2137.9590   33.520227206103   6.0   2
6.492   45.359   2000.5753   33.7663893428617   7.0   2
6.872   45.702   2215.6755   35.2747846245257   1.7   2
6.866   45.699   2292.9868   33.9250180503629   1.5   2
6.491   45.282   2244.8486   35.3877960079058   8.0   2
6.355   45.297    609.3281   6.73690419735699   1.1   2
6.496   45.522    550.8932   6.66220092646164   1.0   2
6.494   45.529    627.6216   6.35616982759227   1.0   2
6.520   45.455    840.2394   7.23736497627162   1.0   2
6.639   45.441   1030.8680   34.6626726508735   2.0   2
6.576   45.496    935.7536   7.37347378295835   1.5   2
6.322   45.312    884.8304   6.79076370819587   1.3   2
6.622   45.442   1088.8625   34.8248067154375   0.3   2
6.602   45.450    926.9095   31.8650573045273   5.0   2
6.467   45.207   1021.4956   33.6115329039667   8.0   2
6.752   45.610   1012.1242   32.8580316146147   2.0   2
6.590   45.504   1214.9240   7.54021293105127   1.5   2
6.388   45.280   1294.7985   32.6565980066471   1.0   2
6.739   45.610   1254.4888   33.1382072536776   1.7   2
6.467   45.195   1376.9291   34.9091378930105   21.0   2
6.330   45.299   1394.3618   7.7911383463256   1.5   2
6.316   45.305   1546.0192   7.89576736817671   1.0   2
6.626   45.606   1852.5569   7.79550685452428   2.0   2
6.762   45.721   1892.6519   7.15939505516469   1.0   2
6.458   45.186   1778.8942   32.8796071561334   4.0   2
6.694   45.685   2152.4795   7.48212698530425   1.0   2
6.879   45.678   2207.8433   33.8907788747662   1.5   2
6.420   45.349   2307.8777   8.80389633618845   1.1   2
6.888   45.672   2353.0347   34.8778962575769   2.0   2
6.866   45.704   2227.5981   32.9752748091486   1.5   2
6.689   45.676   2361.3638   7.80131870749883   1.2   2
6.825   45.768   2573.2488   7.94645066100184   1.6   2
6.679   45.668   2426.6523   8.4961920007375   1.0   2
6.905   45.677   2490.9148   35.6211293004317   2.0   2
6.903   45.681   2455.5042   32.8417369826464   2.3   2
6.879   45.887   2557.2920   7.74868291606619   1.1   2
6.872   45.890   2195.8047   7.49210955243403   0.7   2
6.869   45.893   1956.2596   7.48775561293669   0.9   2
6.865   45.896   1697.8835   7.3270910568995   0.9   2
6.858   45.900   1390.6943   6.73732379192872   0.8   2
6.902   45.869   3265.0276   8.65459775973279   0.9   2
6.907   45.857   3287.9146   8.87199582722475   0.8   2
6.933   45.881   2447.5391   7.91119097305931   0.9   2
6.888   45.878   3345.3303   9.07423754256958   0.7   2
6.867   45.897   1710.4624   7.08165158394766   0.5   2
6.873   45.891   2191.8367   7.53044313936596   0.6   2
6.895   45.871   3451.5400   9.10873132791438   0.6   2
6.903   45.864   3246.6960   8.28182727257766   0.8   2
6.922   45.857   3111.1143   8.92592459797373   0.6   2
6.930   45.839   2970.4541   9.10989101749557   0.6   2
7.373   45.841   1261.1990   33.0257493087509   1.9   2
7.033   45.750   1152.4814   33.2819814904814   1.9   2
7.519   45.917   2157.5063   33.5412827309403   1.8   2
7.431   45.431    873.1515   32.7065904595427   1.8   2
7.338   45.440   1187.0021   33.5062049923317   1.8   2
7.213   45.429   1991.3220   34.4449401951775   1.7   2
7.178   45.450   1932.8658   33.7228306104895   1.6   2
7.225   45.516   2619.3020   35.8096788724076   2.0   2
7.243   45.515   3139.3098   34.4482472961468   1.5   2
7.267   45.513   3637.3342   34.5030821028193   1.9   2
7.292   45.512   3344.5913   35.0621488572261   1.6   2
7.357   46.219    617.5117   33.2305379025745   1.6   2
7.157   46.081    807.3967   6.87100403369465   0.9   2
7.074   46.091    779.3555   6.80115264835591   1.0   2
6.555   45.712    997.7153   6.96912931559005   0.8   2
7.127   46.084   1014.7365   6.72739058760316   1.3   2
7.176   46.094   1043.8976   6.85694701472478   1.8   2
7.166   46.093   1065.2915   6.8638502359599   1.5   2
7.216   46.090   1123.7230   7.73711287562567   2.3   2
7.230   46.157   1176.3831   7.59225479208792   2.6   2
6.772   45.666   1582.8317   33.0703631427125   1.1   2
7.228   46.088   1354.1769   32.1376386816307   1.6   2
6.732   45.680   1947.3336   7.36167904308857   1.5   2
7.116   45.889   2261.9385   33.554374241066   1.6   2
7.030   46.155    582.3373   6.13737727076129   1.7   2
7.549   46.279    692.8287   32.9739177012949   2.9   2
7.089   45.983   1950.9716   8.00095470439017   1.2   2
6.986   45.944   2788.5186   7.9906839452757   1.3   2
7.487   46.371   2811.0225   8.93619157355267   27.0   2
7.012   45.989   3255.1287   8.67347767638891   1.6   2
7.594   45.338    456.9578   32.1334089428307   14.0   2
7.533   45.414    860.8661   32.3861919755798   3.0   2
7.424   45.170    781.1367   32.7075751650248   3.3   2
6.654   45.190   1112.3673   32.8344354972691   3.5   2
7.503   45.504   1245.9966   35.3194473062926   3.2   2
6.971   45.145   1429.9303   33.8615639794776   3.0   2
7.251   45.321   1771.7671   33.9747216954644   3.3   2
7.290   45.644   1729.0723   33.0658527620843   2.5   2
7.193   45.985   1498.3396   32.5650683791626   3.0   2
7.142   45.609   1874.9275   32.4042004893776   3.1   2
7.272   45.449   1972.8855   35.2606722251614   2.9   2
6.114   45.210   2008.0676   7.31882606352528   1.5   2
7.392   45.598   1781.4500   32.4745950584186   3.3   2
7.430   45.885   2231.0679   35.0406062450951   3.0   2
7.053   45.361   2437.1890   32.6650946391228   3.0   2
7.487   46.034   2034.0066   33.455761315101   3.6   2
7.180   45.886   2379.5242   33.6642339161194   3.2   2
